cmd: ./matrix_analysis
events: Ir
fl=./csu/../csu/libc-start.c
fn=__libc_start_main@@GLIBC_2.34
128 2
134 3
135 7
138 1
139 2
142 3
143 2
144 11
145 4
242 13
311 3
312 3
337 6
340 2
343 2
350 2
352 2
360 4
fl=./csu/../sysdeps/nptl/libc_start_call_main.h
fn=(below main)
29 9
44 3
46 2
51 2
52 2
55 2
58 6
74 2
fl=./csu/./csu/init-first.c
fn=_init_first
46 6
51 2
55 5
61 1
62 1
63 2
71 2
72 3
fl=./ctype/./ctype/ctype-info.c
fn=__ctype_init
29 1
31 7
33 4
35 4
36 1
fl=./debug/../sysdeps/x86_64/multiarch/ifunc-memmove.h
fn=__memcpy_chk
56 2
57 3
60 3
61 2
74 2
77 2
85 2
93 2
96 5
fn=__memmove_chk
56 2
57 3
60 3
61 2
74 2
77 2
85 2
93 2
96 5
fn=__mempcpy_chk
56 2
57 3
60 3
61 2
74 2
77 2
85 2
93 2
96 5
fl=./debug/../sysdeps/x86_64/multiarch/ifunc-memset.h
fn=__memset_chk
54 5
57 3
58 2
64 2
73 2
75 2
85 2
93 2
96 5
fl=./debug/../sysdeps/x86_64/multiarch/memcpy_chk.c
fn=__memcpy_chk
29 1
fl=./debug/../sysdeps/x86_64/multiarch/memmove_chk.c
fn=__memmove_chk
29 1
fl=./debug/../sysdeps/x86_64/multiarch/mempcpy_chk.c
fn=__mempcpy_chk
29 1
fl=./debug/../sysdeps/x86_64/multiarch/memset_chk.c
fn=__memset_chk
29 1
fl=./elf/../bits/stdlib-bsearch.h
fn=intel_check_word.constprop.0
27 96
28 48
29 744
31 648
32 348
35 264
37 120
fl=./elf/../elf/dl-tls.c
fn=_dl_add_to_slotinfo
1017 27
1023 3
1026 3
1027 3
1031 9
1065 6
1068 6
1069 9
1072 18
fn=_dl_allocate_tls_init
523 11
524 2
528 2
531 1
534 2
537 3
549 1
554 27
560 9
563 9
564 6
570 9
571 6
573 24
576 6
577 6
580 6
581 12
583 6
584 6
593 3
601 6
603 30
609 3
615 2
618 2
621 9
fn=_dl_allocate_tls_storage
365 1
369 1
370 1
371 2
374 1
380 2
417 7
419 1
430 1
431 1
432 2
440 6
441 1
445 305
464 1
470 7
fn=_dl_assign_tls_modid
125 12
128 6
141 3
181 3
183 3
186 3
187 6
fn=_dl_count_modids
192 1
194 2
195 1
210 2
fn=_dl_determine_tlsoffset
216 9
217 1
218 1
219 1
222 4
225 2
259 1
261 25
263 9
265 9
266 6
268 6
270 15
281 3
286 24
288 6
289 3
294 3
301 1
302 7
304 2
354 1
355 8
fn=_dl_tls_static_surplus_init
83 3
97 8
100 6
101 5
102 3
104 4
107 1
109 1
111 3
112 6
fl=./elf/../include/list.h
fn=__tls_init_tp
43 2
44 2
45 1
47 1
fl=./elf/../include/rtld-malloc.h
fn=__minimal_calloc
56 17
fn=_dl_allocate_tls_storage
44 2
56 1
fn=_dl_check_map_versions
44 18
fn=_dl_find_object_init
56 2
fn=_dl_important_hwcaps
56 4
fn=_dl_init_paths
56 5
fn=_dl_map_object_deps
56 12
fn=_dl_new_object
44 18
56 15
fn=do_lookup_x
44 13
fn=fillin_rpath.isra.0
50 2
51 1
56 2
fn=init_tls
44 2
fl=./elf/../include/scratch_buffer.h
fn=_dl_map_object_deps
77 2
78 1
85 3
131 20
fl=./elf/../misc/sbrk.c
fn=sbrk
37 6
40 1
58 2
62 2
78 5
fl=./elf/../nptl/nptl-stack.h
fn=__libc_early_init
61 8
fl=./elf/../sysdeps/generic/_itoa.h
fn=_dl_check_map_versions
76 36
fl=./elf/../sysdeps/generic/dl-cache.h
fn=_dl_load_cache_lookup
125 4
194 1
195 5
fl=./elf/../sysdeps/generic/dl-call_tls_init_tp.h
fn=init_tls
31 8
33 1
fl=./elf/../sysdeps/generic/dl-debug.h
fn=dl_main
29 4
30 1
fl=./elf/../sysdeps/generic/dl-hash.h
fn=__rtld_malloc_init_real
43 1
44 1
45 19
48 18
62 24
67 1
72 1
fl=./elf/../sysdeps/generic/dl-new-hash.h
fn=_dl_lookup_symbol_x
69 1907
70 3814
74 41298
77 82596
80 40346
81 80692
87 955
88 955
89 1910
90 955
99 39391
101 39391
102 78782
104 39391
105 39391
fl=./elf/../sysdeps/generic/dl-protected.h
fn=do_lookup_x
29 7564
fl=./elf/../sysdeps/generic/ldsodefs.h
fn=_dl_relocate_object
79 62
140 10323
fn=_dl_start
79 6
fn=do_lookup_x
139 3782
140 5673
fl=./elf/../sysdeps/nptl/dl-mutex.c
fn=__rtld_mutex_init
30 7
37 1
40 7
44 2
45 9
47 6
51 2
52 7
53 6
fl=./elf/../sysdeps/nptl/dl-tls_init_tp.c
fn=__tls_init_tp
68 5
69 1
72 1
75 4
76 2
77 1
82 2
87 4
90 1
93 3
105 4
121 3
128 2
129 3
fn=__tls_pre_init_tp
53 3
56 10
61 2
62 1
64 1
fn=rtld_mutex_dummy
42 178
44 356
fl=./elf/../sysdeps/nptl/pthread_early_init.h
fn=__libc_early_init
33 6
34 1
38 5
45 2
46 1
48 2
52 5
53 1
54 1
56 1
fl=./elf/../sysdeps/posix/dl-fileid.h
fn=_dl_map_object_from_fd
37 20
40 20
49 60
fl=./elf/../sysdeps/unix/sysv/linux/brk.c
fn=brk
36 1
37 1
38 2
44 1
45 1
fl=./elf/../sysdeps/unix/sysv/linux/brk_call.h
fn=brk
24 2
fl=./elf/../sysdeps/unix/sysv/linux/dl-osinfo.h
fn=dl_main
39 2
52 1
fl=./elf/../sysdeps/unix/sysv/linux/dl-parse_auxv.h
fn=_dl_sysdep_parse_arguments
32 2
33 1
34 1
41 93
42 44
43 44
45 1
46 2
47 2
48 2
49 1
51 2
52 2
53 2
54 2
56 2
fl=./elf/../sysdeps/unix/sysv/linux/dl-sysdep.c
fn=_dl_sysdep_parse_arguments
78 7
79 2
80 2
81 3
82 53
83 109
86 2
90 56
93 5
94 2
95 3
96 6
fn=_dl_sysdep_start
102 6
103 1
106 2
110 2
113 1
115 2
122 3
123 2
125 5
137 3
140 5
143 4
fn=_dl_sysdep_start_cleanup
147 1
148 1
fl=./elf/../sysdeps/unix/sysv/linux/dl-vdso-setup.h
fn=dl_main
30 1
33 1
36 1
39 1
45 1
fl=./elf/../sysdeps/unix/sysv/linux/dl-vdso.h
fn=dl_main
40 2
41 5
55 2
fl=./elf/../sysdeps/unix/sysv/linux/rseq-internal.h
fn=__tls_init_tp
32 3
34 7
37 2
40 1
fl=./elf/../sysdeps/unix/sysv/linux/x86/dl-hwcap2.h
fn=update_active.constprop.0
25 2
fl=./elf/../sysdeps/unix/sysv/linux/x86/dl-minsigstacksize.h
fn=get_common_indices.constprop.0
24 2
27 2
28 2
65 3
72 1
74 1
fl=./elf/../sysdeps/x86/cpu-features.c
fn=get_common_indices.constprop.0
398 3
402 4
405 5
409 1
410 4
411 4
412 4
413 3
414 2
421 2
423 9
428 8
435 2
436 7
442 2
457 3
fn=init_cpu_features.constprop.0
376 3
377 2
378 6
383 2
384 6
389 2
390 7
682 8
685 1
686 1
687 1
690 1
699 3
702 6
703 1
706 2
708 6
713 1
715 3
717 9
721 7
774 3
781 2
799 1
832 2
866 4
869 2
870 1
878 2
885 2
887 2
891 2
897 2
899 1
1001 3
1002 2
1005 2
1006 2
1012 1
1013 1
1014 1
1015 2
1019 4
1022 4
1028 3
1041 2
1042 4
1081 1
1082 2
1086 3
1103 2
1104 2
1106 3
1107 2
1109 3
1110 2
1113 2
1127 4
1129 4
1135 4
1142 8
fn=update_active.constprop.0
72 8
76 1
84 3
85 3
86 1
94 4
95 1
103 4
104 1
109 4
112 4
113 1
116 5
117 2
121 5
122 3
123 3
124 2
128 5
129 5
130 3
132 2
133 4
147 2
151 7
152 4
154 3
158 4
161 1
164 2
166 2
170 1
171 1
178 4
180 5
186 4
188 5
190 4
195 5
244 3
245 3
261 4
277 2
281 2
282 1
285 4
289 2
293 3
294 2
296 1
297 1
300 2
302 1
305 2
356 5
360 3
369 1
370 8
fl=./elf/../sysdeps/x86/dl-cacheinfo.h
fn=get_common_cache_info.constprop.0
571 11
586 1
587 1
588 2
589 1
590 2
596 3
598 7
601 2
613 1
618 3
622 2
627 5
630 24
637 8
640 26
645 2
649 3
650 2
654 2
658 3
661 4
662 1
667 4
673 4
681 6
683 2
685 4
687 12
689 1
690 1
691 9
693 4
696 7
701 1
703 4
704 3
705 1
708 2
711 2
718 1
720 4
721 1
726 2
731 2
732 1
733 2
734 1
759 3
770 5
771 5
775 2
782 1
783 2
784 1
785 7
fn=handle_intel.constprop.0
250 108
255 24
261 12
262 12
267 48
271 24
276 24
279 60
281 24
284 60
286 24
305 96
fn=init_cpu_features.constprop.0
792 1
793 1
795 1
809 2
811 3
812 3
813 3
814 2
817 3
819 3
820 2
822 3
824 3
825 1
827 3
829 3
830 2
832 3
834 3
836 3
838 5
894 2
895 2
896 2
897 2
898 2
899 2
900 1
901 1
902 1
903 1
904 1
905 1
907 1
910 3
924 3
925 7
930 2
931 6
932 2
939 3
959 6
968 2
969 2
974 12
987 5
995 7
997 2
1000 5
1002 2
1005 5
1006 5
1010 6
1011 3
1017 7
1020 11
1021 10
1022 13
1025 10
1027 10
1040 4
1042 2
1043 2
1044 1
1045 1
1046 1
1047 1
fn=intel_check_word.constprop.0
110 648
113 324
119 216
123 48
125 12
129 120
131 144
133 60
135 120
143 120
152 12
155 138
158 99
162 58
164 189
167 120
168 72
169 60
170 48
172 11
174 22
176 12
177 16
178 12
179 20
180 14
181 12
183 8
184 12
187 21
190 2
194 192
202 168
216 48
246 144
fl=./elf/../sysdeps/x86/dl-get-cpu-features.c
fn=__x86_cpu_features
39 3
71 3
fn=_dl_x86_init_cpu_features
37 1
39 3
41 1
fl=./elf/../sysdeps/x86/dl-isa-level.h
fn=_dl_load_cache_lookup
28 24
fl=./elf/../sysdeps/x86/dl-procinfo.h
fn=_dl_load_cache_lookup
39 8
42 28
fl=./elf/../sysdeps/x86/dl-prop.h
fn=_dl_map_object_from_fd
149 20
fn=_dl_process_pt_gnu_property
95 36
102 18
115 18
118 9
252 6
253 3
254 12
255 6
257 36
258 3
260 9
fn=dl_main
36 2
37 24
40 10
49 40
53 33
71 2
149 4
235 4
236 2
fl=./elf/../sysdeps/x86/get-isa-level.h
fn=_dl_hwcaps_subdirs_active
30 4
31 1
32 3
36 3
39 4
40 4
45 4
48 2
51 5
53 4
54 2
55 2
58 4
fn=update_active.constprop.0
28 1
30 4
31 1
32 3
36 3
38 1
39 2
40 4
45 4
47 1
48 2
51 5
53 4
54 2
55 2
57 1
58 4
fl=./elf/../sysdeps/x86_64/dl-cet.c
fn=_dl_cet_check
145 2
157 2
173 1
179 1
275 2
276 1
277 2
282 4
283 3
285 2
293 5
296 1
300 2
301 1
302 2
303 2
304 2
305 2
308 1
310 1
313 2
361 8
363 6
fn=_dl_cet_setup_features
331 1
334 2
350 1
fl=./elf/../sysdeps/x86_64/dl-hwcaps-subdirs.c
fn=_dl_hwcaps_subdirs_active
29 1
38 3
43 1
48 1
52 1
fl=./elf/../sysdeps/x86_64/dl-irel.h
fn=_dl_fixup
32 5
fl=./elf/../sysdeps/x86_64/dl-machine.h
fn=_dl_fixup
234 83
fn=_dl_relocate_object
81 30
87 8
91 6
97 2
108 6
129 4
132 4
134 8
267 6916
274 6916
278 6916
287 28043
290 6935
291 136
292 13768
295 4
296 6
307 4
314 10
317 20748
320 53
323 53
346 8
347 12
352 6
354 4
363 4
393 35
400 51
402 68
406 51
415 34
423 9646
436 7
460 3
464 4
465 4
466 5
467 2
476 136
478 68
479 68
498 3060
499 1020
503 2040
504 2040
514 2224
518 2224
521 3336
522 1112
730 14
734 8
fn=_dl_start
55 1
278 9
287 27
290 6
291 12
317 8
323 2
fn=_dl_sysdep_start
220 1
fl=./elf/../sysdeps/x86_64/dl-runtime.h
fn=_dl_fixup
28 83
fl=./elf/../sysdeps/x86_64/dl-trampoline.h
fn=_dl_runtime_resolve_xsave
71 83
76 83
79 83
81 83
91 83
97 83
98 83
99 83
100 83
101 83
102 83
103 83
107 83
108 83
111 83
112 83
114 83
115 83
116 83
117 83
118 83
119 83
121 83
128 83
129 83
130 83
131 83
136 83
137 83
138 83
140 83
141 83
142 83
143 83
144 83
145 83
146 83
148 83
150 83
154 83
156 83
fl=./elf/../sysdeps/x86_64/tls_get_addr.S
fn=__tls_get_addr
29 2
30 2
31 2
33 2
34 2
35 2
38 2
39 2
43 2
44 2
45 2
46 2
fl=./elf/./dl-find_object.h
fn=_dl_find_object_from_map
95 14
96 14
97 7
103 35
104 203
105 140
107 21
112 7
fl=./elf/./dl-hwcaps.h
fn=_dl_important_hwcaps
43 9
45 7
46 1
77 8
78 8
79 7
fl=./elf/./dl-load.h
fn=_dl_map_object_from_fd
91 40
92 16
93 20
94 16
96 16
fl=./elf/./dl-main.h
fn=dl_main
109 5
fl=./elf/./dl-map-segments.h
fn=_dl_map_object_from_fd
28 15
29 45
81 5
101 5
102 15
105 15
106 10
108 10
125 5
135 120
137 60
139 150
149 80
155 10
156 5
157 15
158 10
160 10
165 10
168 15
176 35
182 10
186 16
189 4
194 20
fl=./elf/./dl-sym-post.h
fn=lookup_malloc_symbol
41 8
53 12
fl=./elf/./dl-tunable-types.h
fn=__GI___tunable_set_val
84 5
fl=./elf/./elf/dl-audit.c
fn=_dl_audit_activity_map
29 7
30 1
31 3
37 6
fn=_dl_audit_activity_nsid
41 3
45 12
46 3
47 15
fn=_dl_audit_objclose
97 7
98 28
fn=_dl_audit_objopen
77 5
78 20
fn=_dl_audit_preinit
118 1
119 4
fl=./elf/./elf/dl-cache.c
fn=_dl_cache_libcmp
357 64
358 394
360 531
362 185
368 16
369 12
370 161
372 161
374 8
380 346
382 346
383 84
386 145
387 145
390 44
fn=_dl_load_cache_lookup
191 56
205 4
208 32
210 40
211 8
213 20
220 68
222 180
223 56
227 84
231 84
232 56
240 16
242 8
245 8
247 24
249 4
259 8
269 12
270 16
286 28
295 8
298 8
301 4
302 12
330 8
346 24
347 12
349 12
403 40
405 8
408 12
411 5
419 5
420 8
423 6
424 1
431 1
432 2
477 9
482 12
485 12
500 8
512 12
513 60
514 16
515 4
516 32
fn=_dl_unload_cache
525 3
526 4
528 2
529 1
533 1
535 2
fl=./elf/./elf/dl-call-libc-early-init.c
fn=_dl_call_libc_early_init
27 7
29 2
33 5
37 2
39 4
40 2
41 3
fl=./elf/./elf/dl-call_fini.c
fn=_dl_call_fini
24 56
28 14
32 7
34 7
35 14
38 10
39 15
42 44
43 6
47 7
48 14
49 15
50 37
fl=./elf/./elf/dl-catch.c
fn=_dl_catch_error
254 12
256 2
257 2
258 2
259 2
261 6
fn=_dl_catch_exception
58 39
59 26
69 26
70 65
204 104
207 26
214 13
228 13
229 26
235 78
237 39
239 52
248 39
fn=_dl_receive_error
58 2
59 1
69 2
70 2
186 7
188 1
192 1
194 1
197 1
198 4
fl=./elf/./elf/dl-debug.c
fn=_dl_debug_initialize
56 3
57 1
59 2
61 2
63 3
64 1
85 3
90 3
91 2
92 1
95 3
96 6
99 2
107 2
fn=_dl_debug_state
116 2
117 2
fn=_dl_debug_update
38 6
40 12
41 6
44 12
48 6
fl=./elf/./elf/dl-deps.c
fn=_dl_map_object_deps
128 3
129 5
130 6
132 3
136 8
143 13
144 20
160 9
161 1
164 1
182 1
183 6
184 1
188 15
190 27
193 7
197 21
198 46
201 20
205 10
208 22
210 20
215 5
216 5
217 10
218 10
219 5
221 631
222 298
228 113
230 12
232 48
233 24
242 12
244 24
249 35
252 5
253 5
254 5
255 10
256 5
257 5
259 20
263 36
264 27
266 411
417 14
419 25
422 10
423 20
429 5
430 25
431 25
434 5
435 10
439 21
441 7
442 32
448 5
449 1
452 4
463 5
465 4
470 5
471 1
472 2
474 25
478 7
483 14
485 21
490 7
494 2
495 3
532 2
533 2
547 9
552 9
553 5
557 1
559 2
560 1
561 3
568 3
571 2
574 8
fn=openaux
61 72
64 132
65 12
68 12
69 36
fl=./elf/./elf/dl-environ.c
fn=_dl_next_ld_env_entry
28 3
29 3
32 163
34 106
35 18
37 2
40 4
42 2
45 51
fl=./elf/./elf/dl-find_object.c
fn=_dl_find_object_init
561 5
564 1
566 2
567 3
579 2
580 3
582 2
585 2
590 1
591 1
594 3
596 2
599 6
601 1
604 4
fn=_dlfo_process_initial
474 8
475 2
477 2
478 4
504 24
505 34
506 14
508 52
511 48
513 36
515 12
516 12
517 24
529 2
531 8
fn=_dlfo_sort_mappings
536 1
537 2
540 24
544 10
545 70
546 75
548 5
549 5
553 20
554 25
555 10
557 1
fl=./elf/./elf/dl-fini.c
fn=_dl_fini
26 11
43 1
46 13
49 2
51 1
54 2
56 5
61 1
63 4
68 18
73 25
75 14
77 14
79 14
80 7
81 7
85 7
87 6
88 6
94 6
103 2
108 41
110 7
112 14
114 28
117 14
122 7
126 5
132 6
134 1
138 2
145 8
fl=./elf/./elf/dl-hwcaps.c
fn=_dl_important_hwcaps
52 16
54 2
55 4
56 2
57 2
77 16
80 16
84 2
86 6
87 2
88 2
100 5
102 3
105 1
108 1
112 5
125 12
127 10
128 4
129 4
130 2
133 3
142 13
143 11
145 8
151 5
155 4
156 3
157 3
161 1
162 2
163 2
172 14
174 2
175 3
185 2
186 3
189 3
193 2
194 2
201 1
202 5
208 2
209 1
213 3
216 9
fl=./elf/./elf/dl-hwcaps_split.c
fn=_dl_hwcaps_split
25 5
26 3
27 1
47 4
fn=_dl_hwcaps_split_masked
26 44
30 24
34 78
35 12
36 24
41 36
42 18
43 12
45 6
51 110
55 5
56 18
57 27
58 24
60 6
62 88
67 12
fl=./elf/./elf/dl-init.c
fn=_dl_init
29 16
35 40
37 41
81 13
82 1
83 1
86 3
89 2
94 4
119 1
120 32
121 14
127 8
fn=call_init.part.0
26 84
43 21
46 21
47 2
51 12
59 18
60 24
63 6
64 12
70 15
72 10
73 117
74 92
76 56
fl=./elf/./elf/dl-load.c
fn=_dl_dst_count
238 108
241 24
244 24
245 12
264 108
fn=_dl_init_paths
706 13
720 4
725 1
727 3
734 3
735 2
739 4
741 4
747 1
748 1
756 8
758 8
759 4
761 5
762 7
763 4
766 13
767 10
768 18
770 32
776 1
777 1
782 1
785 3
787 4
789 3
806 1
808 3
822 2
825 5
827 23
831 2
832 60
833 14
834 28
836 1
837 1
838 2
844 6
847 3
853 1
857 8
fn=_dl_map_object
682 43
685 4
688 6
691 2
692 1
696 20
1967 156
1969 5
1975 26
1976 52
1979 272
1984 357
1986 255
1990 86
1991 129
1994 110
1995 66
1996 110
2010 20
2011 15
2019 15
2034 5
2036 25
2040 16
2042 8
2049 16
2053 4
2054 4
2058 15
2059 5
2073 20
2074 28
2075 4
2084 8
2099 8
2100 64
2106 12
2107 4
2115 4
2129 8
2131 12
2135 12
2137 8
2141 8
2149 8
2172 36
2176 12
2177 4
2194 8
2200 1
2201 4
2202 2
2203 2
2207 9
2210 3
2222 20
2267 10
2268 88
2270 122
fn=_dl_map_object_from_fd
944 70
959 20
989 95
990 40
1008 10
1036 20
1046 10
1053 40
1054 10
1065 10
1066 15
1067 10
1069 15
1070 20
1071 8
1074 17
1075 6
1086 5
1088 5
1090 110
1091 5
1092 5
1093 5
1094 5
1100 210
1101 507
1107 10
1114 13
1115 15
1116 50
1121 2
1122 1
1127 155
1135 100
1136 130
1137 100
1138 20
1139 40
1141 140
1143 40
1156 40
1157 75
1162 20
1163 205
1176 9
1180 12
1181 3
1185 15
1186 6
1189 3
1194 12
1209 10
1210 5
1213 15
1218 35
1228 95
1229 40
1235 10
1245 20
1252 35
1264 5
1268 20
1269 15
1275 14
1276 10
1278 10
1288 15
1307 15
1309 30
1361 15
1362 6
1368 170
1369 280
1375 80
1380 20
1393 10
1395 20
1397 10
1413 10
1417 10
1418 10
1435 10
1436 1
1439 10
1444 10
1449 10
1461 40
1462 12
1463 27
1464 9
1465 5
1471 10
1472 12
1477 6
1484 15
1487 10
1491 15
1492 15
1510 10
1514 35
1515 20
1519 45
fn=_dl_process_pt_gnu_property
868 18
869 12
870 6
876 12
882 30
885 18
886 12
887 12
890 18
891 18
895 6
896 12
900 18
901 9
904 18
907 9
908 36
918 18
920 24
fn=expand_dynamic_string_token
241 6
244 4
385 20
399 4
410 14
fn=fillin_rpath.isra.0
468 17
472 1
474 12
481 2
483 6
487 2
492 3
493 2
500 5
505 2
509 15
510 8
528 4
532 4
534 2
538 1
539 2
540 4
541 1
543 2
549 4
550 14
551 4
553 2
554 3
555 1
561 2
562 1
565 3
571 1
574 8
fn=open_path
1812 44
1813 8
1816 4
1817 4
1819 8
1822 8
1824 88
1827 8
1831 4
1835 24
1842 24
1843 88
1846 24
1851 66
1854 12
1860 18
1863 48
1865 18
1867 6
1872 6
1873 21
1879 9
1881 26
1882 2
1884 3
1891 38
1893 13
1937 32
1941 4
1943 16
1946 12
1960 36
fn=open_verify.constprop.0
1572 132
1604 33
1609 12
1623 55
1625 22
1633 5
1634 15
1639 30
1641 10
1643 10
1645 10
1651 10
1668 74
1749 10
1754 10
1760 20
1766 10
1772 20
1773 20
1777 16
1778 5
1799 99
fl=./elf/./elf/dl-lookup-direct.c
fn=_dl_lookup_direct
32 15
33 9
35 6
36 6
48 9
51 6
53 21
57 9
58 21
59 15
74 39
76 6
78 21
79 6
81 12
84 25
86 12
93 6
115 3
116 27
fl=./elf/./elf/dl-lookup.c
fn=_dl_lookup_symbol_x
772 24791
774 3814
775 7628
778 1907
782 7590
785 3814
787 3814
791 26778
792 32419
797 9535
799 96
816 1907
817 48
820 3814
821 13221
828 1955
856 7564
870 5673
871 2
873 3782
890 7564
892 17163
fn=check_match
70 28470
73 15184
78 16
86 9465
89 4392
93 1893
94 3786
96 3780
115 3780
116 15120
117 9435
118 6
119 6
144 6
146 18
147 12
150 2
151 7
153 3
161 1890
162 15184
fn=do_lookup_x
170 300
171 307
172 940
174 98
175 294
176 530
179 152
180 152
181 82
182 152
183 70
222 492
224 738
226 164
227 82
228 328
230 2694
231 486
234 352
235 176
254 352
257 95
258 285
259 322
262 1377
269 12
272 4
279 298
280 276
281 350
285 20
286 2
287 2
288 4
289 8
300 3
302 2
305 1
306 1
307 2
310 164
311 492
318 328
329 574
331 164
333 246
334 164
347 26698
348 1907
353 1907
354 1907
358 12224
361 12224
365 16044
386 12222
390 12222
396 18333
400 6111
401 6111
404 30555
405 18333
408 6111
409 12222
411 6111
412 5721
413 12222
415 13349
416 24444
419 42777
422 3886
423 5829
424 3886
426 3876
429 24090
431 5694
432 47890
433 3796
436 5694
439 8800
461 15120
470 385
472 2
476 3782
483 10000
487 3723
491 1
499 3618
500 1809
501 1891
518 12663
521 16
522 15256
fl=./elf/./elf/dl-minimal-malloc.c
fn=__minimal_calloc
80 85
84 17
87 17
88 51
fn=__minimal_free
97 3
99 12
fn=__minimal_malloc
36 336
37 126
42 3
43 2
44 2
48 167
51 282
56 12
57 12
59 3
60 24
62 6
64 12
65 9
67 8
70 43
71 46
73 252
fl=./elf/./elf/dl-minimal.c
fn=__rtld_malloc_init_real
76 10
86 2
87 1
89 1
91 6
92 5
93 5
94 4
99 1
100 1
101 1
102 1
103 8
fn=__rtld_malloc_init_stubs
42 1
43 2
44 2
45 2
46 2
47 1
fn=lookup_malloc_symbol
61 36
63 4
64 28
68 28
69 28
71 4
72 24
fn=strsep
239 2
242 4
244 2
245 4
247 2
249 47
251 28
254 56
256 84
264 14
267 1
271 4
fl=./elf/./elf/dl-misc.c
fn=_dl_higher_prime_number
87 2
124 2
125 2
127 26
129 80
130 30
131 6
133 7
145 2
146 2
fn=_dl_name_match_p
68 812
69 464
70 20
72 116
74 458
75 665
80 113
82 96
83 464
fn=_dl_sysdep_read_whole_file
36 11
39 3
40 2
42 6
44 2
47 2
49 8
60 3
63 8
fl=./elf/./elf/dl-object.c
fn=_dl_add_to_namespace_list
31 54
33 18
35 53
38 80
40 5
42 5
45 2
46 18
47 12
48 12
50 12
51 30
fn=_dl_new_object
59 90
62 12
64 2
66 3
67 2
71 6
77 2
80 10
83 26
87 10
92 5
95 12
98 6
99 6
100 12
103 12
104 42
106 6
119 28
123 5
125 1
127 42
130 12
131 12
132 6
136 6
139 40
141 20
149 12
150 6
153 1
155 36
157 20
160 14
164 24
168 35
176 1
179 12
189 24
191 20
195 15
199 10
200 10
208 5
212 5
245 20
250 168
251 168
255 10
256 5
259 5
263 54
fl=./elf/./elf/dl-reloc.c
fn=_dl_relocate_object
170 14104
171 6882
174 23247
175 19444
177 1621
178 6482
182 3640
183 1820
184 1820
186 14566
187 9070
188 3628
190 12837
193 1820
194 12740
196 1621
207 88
208 16
220 14
221 21
224 28
226 21
228 7
229 21
251 35
252 14
253 3
255 14
262 21
301 10279
304 35
328 7
331 14
348 21
350 64
356 42
359 14
363 14
364 42
fl=./elf/./elf/dl-runtime.c
fn=_dl_fixup
46 913
48 415
49 249
54 83
55 332
56 581
58 166
63 166
67 166
69 83
71 249
75 249
76 332
77 249
84 83
85 249
95 913
99 415
109 830
124 332
125 10
133 249
159 249
163 664
fl=./elf/./elf/dl-setup_hash.c
fn=_dl_setup_hash
25 14
28 21
31 21
32 14
33 7
34 7
36 21
37 7
38 21
40 7
41 14
43 7
45 21
50 7
fl=./elf/./elf/dl-sort-maps.c
fn=_dl_sort_maps
140 64
181 2
182 4
183 52
184 28
211 34
216 4
218 2
219 10
221 44
223 14
226 40
244 8
263 8
276 8
283 2
298 26
306 6
310 18
fn=_dl_sort_maps_init
289 4
290 4
291 1
292 3
293 2
fn=dfs_traversal.part.0
135 126
140 70
143 14
145 42
147 186
156 49
171 42
172 14
173 90
fl=./elf/./elf/dl-tunables.c
fn=__GI___tunable_set_val
72 50
82 5
93 40
94 25
97 10
100 35
104 10
111 10
112 10
115 25
116 5
117 5
118 5
153 30
157 15
fn=__GI___tunables_init
42 270
45 53
48 5334
52 106
56 212
128 1
261 10
267 4
281 8692
283 2
287 15741
304 8
fn=__tunable_get_val
387 80
390 474
399 52
400 15
409 31
416 240
418 40
fl=./elf/./elf/dl-tunables.h
fn=__GI___tunable_set_val
141 10
142 10
151 5
fn=__GI___tunables_init
160 1096
161 2535
fl=./elf/./elf/dl-version.c
fn=_dl_check_all_versions
392 7
394 1
396 26
397 7
398 63
401 7
fn=_dl_check_map_versions
36 202
37 53
38 337
56 212
64 159
70 159
86 53
87 106
89 53
94 2107
108 1842
110 53
113 424
120 2604
124 868
155 70
156 7
164 12
170 21
172 35
174 7
175 7
177 14
180 15
184 40
198 7
200 36
208 36
213 36
215 41
217 212
218 388
221 106
224 159
225 5
228 26
231 212
234 159
239 41
243 36
248 7
257 30
260 10
263 551
266 412
270 129
274 18
279 6
280 24
281 18
291 6
294 32
296 12
299 20
301 7
303 36
306 159
308 212
310 265
311 106
312 159
313 159
316 159
321 41
324 36
329 7
334 12
337 10
341 129
343 268
347 129
348 645
349 387
350 129
353 402
357 129
365 10
366 10
367 10
368 4
370 4
372 124
373 60
375 2
376 7
387 63
fl=./elf/./elf/do-rel.h
fn=_dl_relocate_object
49 42
50 42
51 7
53 70
72 8
73 9
80 42
83 3352
85 4448
96 12
97 4
114 36
123 3088
124 2040
126 36
129 40
131 14134
133 17600
134 14080
135 10560
136 14080
138 10560
141 272
142 68
143 68
147 3452
150 10379
151 159
164 24
165 285
166 252
169 204
171 272
172 68
173 136
180 31
182 42
183 12
185 18
193 6
196 18
211 7
fn=_dl_start
49 6
50 4
51 1
53 10
56 4
61 13
63 9
64 6
65 3
fl=./elf/./elf/get-dynamic-info.h
fn=_dl_map_object_from_fd
39 10
43 5
45 567
49 276
51 74
52 37
53 6
54 129
55 109
56 25
59 20
62 20
64 20
68 138
72 20
84 17
85 20
86 20
87 20
88 17
89 19
90 19
91 20
103 40
110 16
115 8
122 8
123 15
129 15
130 6
147 15
152 4
154 4
156 4
158 4
159 4
162 15
164 9
165 6
174 6
175 9
180 6
181 6
184 10
fl=./elf/./elf/libc-dl-profstub.c
fn=_dl_mcount_wrapper_check
36 128
37 384
38 128
fl=./elf/./elf/libc_early_init.c
fn=__libc_early_init
33 9
35 1
38 2
41 2
47 4
49 2
fl=./elf/./elf/rtld.c
fn=_dl_start
85 8
458 2
476 3
477 1
478 2
488 1
494 4
496 2
517 16
543 1
546 2
547 4
563 190
565 1
578 1
585 9
fn=dl_main
85 17
92 12
93 2
101 9
197 2
199 1
224 3
225 5
226 4
296 3
302 1
303 1
837 1
839 1
848 1
850 1
855 1
1115 1
1116 1
1118 1
1122 3
1124 1
1125 1
1140 1
1143 46
1144 117
1148 3
1153 3
1154 9
1163 2
1164 2
1166 1
1173 3
1191 2
1199 8
1200 17
1201 8
1202 1
1204 12
1205 14
1209 8
1210 8
1211 4
1215 12
1243 2
1247 3
1253 28
1254 61
1260 17
1266 4
1269 3
1271 3
1346 13
1351 1
1352 1
1357 1
1373 3
1374 4
1637 10
1639 2
1640 3
1641 2
1642 3
1646 2
1647 2
1672 3
1673 5
1674 3
1675 3
1678 1
1680 1
1681 1
1683 2
1684 2
1688 2
1690 2
1698 4
1705 2
1708 2
1733 4
1735 1
1740 2
1743 4
1744 4
1745 3
1746 1
1747 1
1748 1
1759 2
1760 2
1762 2
1764 1
1765 3
1770 5
1771 5
1773 3
1779 2
1788 2
1792 1
1793 2
1817 2
1823 1
1824 1
1825 1
1829 3
1834 3
1836 1
1838 2
1842 5
1847 2
1863 6
1939 4
1943 19
1944 1
1947 3
1948 1
1949 2
1950 2
1955 3
1965 9
1971 31
1972 18
1975 3
1976 2
1977 1
1979 26
1980 12
1984 2
1990 1
1992 3
1993 2
1995 2
1997 3
1999 3
2000 1
2001 2
2013 2
2014 2
2015 3
2026 5
2027 4
2028 5
2038 2
2039 2
2040 4
2042 2
2047 3
2246 3
2250 3
2256 2
2259 2
2267 2
2279 3
2282 3
2284 3
2285 6
2292 2
2293 30
2295 14
2300 14
2302 16
2304 1
2305 1
2308 7
2310 14
2311 48
2315 20
2316 9
2325 2
2329 4
2331 1
2338 4
2341 2
2345 3
2347 2
2357 1
2362 3
2365 1
2371 1
2372 5
2380 3
2387 1
2390 3
2394 3
2395 1
2396 1
2397 1
2401 1
2406 8
2538 1
2598 1
2600 2
2602 15
2604 2
2606 107
2607 19
2615 13
2640 2
2650 4
2652 2
2653 1
2687 5
2689 2
2690 2
2691 1
2727 5
2749 3
fn=handle_preload_list
183 3
806 1
810 2
811 2
812 1
814 1
816 6
817 3
825 3
869 13
870 3
874 5
877 4
878 3
880 4
881 2
887 1
889 2
891 2
892 1
895 9
fn=init_tls
734 4
736 2
740 3
746 2
749 1
750 1
751 1
755 1
757 1
761 2
762 2
763 18
764 7
765 14
769 9
771 3
773 3
776 2
779 1
786 2
787 2
793 2
797 1
800 5
fn=map_doit
641 6
643 4
644 6
646 3
fn=version_check_doit
674 6
676 6
680 3
fl=./elf/./get-dynamic-info.h
fn=_dl_start
45 75
49 36
51 10
52 5
54 20
55 16
56 5
59 4
62 4
64 4
68 18
72 3
84 4
85 3
86 4
87 4
88 5
89 3
90 4
91 4
103 10
110 3
123 3
129 3
130 3
133 2
134 3
139 5
142 5
fn=dl_main
39 4
43 1
45 115
49 56
51 12
52 6
54 25
55 21
56 5
59 4
62 4
64 4
68 28
72 7
84 3
85 5
86 5
87 5
88 4
89 5
90 5
91 5
103 9
110 3
115 2
122 3
123 4
129 3
147 4
152 2
154 2
156 2
158 2
159 2
162 4
164 3
165 2
174 2
175 3
180 2
181 3
184 3
fl=./elf/./setup-vdso.h
fn=dl_main
24 2
fl=./iconv/./iconv/gconv_simple.c
fn=__gconv_btwoc_ascii
49 128
51 512
54 128
fl=./io/../sysdeps/unix/sysv/linux/access.c
fn=access
25 1
27 7
31 1
fl=./io/../sysdeps/unix/sysv/linux/close_nocancel.c
fn=__GI___close_nocancel
25 6
26 24
27 6
fl=./io/../sysdeps/unix/sysv/linux/fstat64.c
fn=fstat
30 7
39 28
72 7
fl=./io/../sysdeps/unix/sysv/linux/fstatat64.c
fn=fstatat
91 6
146 6
160 4
161 11
162 1
fl=./io/../sysdeps/unix/sysv/linux/open64_nocancel.c
fn=__open_nocancel
28 48
31 84
39 102
41 24
fl=./io/../sysdeps/unix/sysv/linux/pread64_nocancel.c
fn=__pread64_nocancel
25 4
26 8
27 2
fl=./io/../sysdeps/unix/sysv/linux/read_nocancel.c
fn=__read_nocancel
25 5
26 20
27 5
fl=./io/../sysdeps/unix/sysv/linux/stat64.c
fn=stat
28 6
29 12
fl=./io/../sysdeps/unix/sysv/linux/write.c
fn=write
25 182
26 1092
27 182
fl=./libio/../include/printf_buffer.h
fn=vsnprintf
124 96
127 32
128 32
137 64
fl=./libio/../include/sys/sysmacros.h
fn=_IO_file_doallocate
47 6
fl=./libio/./libio/filedoalloc.c
fn=_IO_file_doallocate
78 11
84 9
86 4
89 2
91 2
94 2
97 4
101 3
102 2
104 4
105 1
106 9
fl=./libio/./libio/fileops.c
fn=_IO_do_write@@GLIBC_2.2.5
424 2185
426 1277
427 1457
434 364
441 728
444 182
449 910
450 910
452 546
453 364
454 182
455 364
456 728
fn=_IO_file_overflow@@GLIBC_2.2.5
732 9608
733 4804
740 6003
743 2
745 2
746 6
755 3
764 3
765 1
766 1
767 1
768 1
769 3
771 3
772 5
773 2
775 2402
776 84
777 1242
778 2318
781 3477
782 3477
783 4636
784 564
785 423
787 1159
788 7164
fn=_IO_file_setbuf@@GLIBC_2.2.5
382 6
383 3
386 1
388 3
390 2
391 3
fn=_IO_file_stat
1147 1
1148 2
fn=_IO_file_sync@@GLIBC_2.2.5
793 1064
798 608
800 152
801 304
812 304
816 760
fn=_IO_file_write@@GLIBC_2.2.5
1174 1456
1175 364
1176 1092
1180 546
1181 546
1182 364
1187 182
1188 182
1190 546
1191 546
1194 1092
fn=_IO_file_xsputn@@GLIBC_2.2.5
444 82
446 20
1198 2196
1200 1
1204 976
1205 244
1211 976
1213 974
1214 486
1217 13817
1219 19452
1221 41
1228 3
1229 202
1232 123
1234 486
1236 1215
1237 243
1238 729
1240 486
1244 252
1250 84
1251 210
1253 126
1264 84
1265 128
1267 96
1268 2196
fl=./libio/./libio/genops.c
fn=_IO_cleanup
776 6
777 10
780 13
784 3
785 36
792 7
794 6
796 4
798 2
800 3
801 1
805 5
807 3
814 3
816 30
817 3
821 7
822 2
842 12
843 2
855 12
fn=_IO_default_setbuf
330 5
332 1
333 1
337 2
452 10
453 5
455 4
457 3
458 2
462 1
466 4
467 1
468 6
fn=_IO_default_xsputn
371 352
373 64
374 128
375 32
379 4200
399 10244
401 1018
404 256
fn=_IO_doallocbuf
343 8
344 2
346 3
347 5
350 6
fn=_IO_flush_all
686 12
687 3
691 6
692 9
695 12
697 3
698 36
700 21
708 33
709 3
713 7
714 2
718 12
fn=_IO_setb
329 11
330 4
332 1
333 1
335 6
338 6
fn=__overflow
199 705
201 423
203 423
204 282
fl=./libio/./libio/iofflush.c
fn=fflush
32 906
33 302
39 1812
40 755
44 755
fl=./libio/./libio/iofwrite.c
fn=fwrite
31 2196
32 488
35 1464
37 3416
38 1219
39 1708
45 976
46 244
49 2196
fl=./libio/./libio/libioP.h
fn=_IO_cleanup
1025 3
1026 2
fn=_IO_default_setbuf
1025 3
1026 2
fn=_IO_default_xsputn
1025 2068
1026 2036
fn=_IO_do_write@@GLIBC_2.2.5
1025 546
1026 364
fn=_IO_doallocbuf
1025 3
1026 2
fn=_IO_file_doallocate
1025 3
1026 2
fn=_IO_file_xsputn@@GLIBC_2.2.5
1025 126
1026 84
fn=_IO_flush_all
1025 2
fn=__overflow
1025 423
1026 282
fn=fflush
979 302
980 1208
1025 453
1026 302
fn=fwrite
979 488
980 2196
1025 488
1026 488
fl=./libio/./libio/putc.c
fn=putc
25 1269
28 282
29 987
34 705
fl=./libio/./libio/vsnprintf.c
fn=vsnprintf
63 64
66 32
75 96
76 32
87 64
96 128
102 352
104 192
fl=./libio/./libio/vtables.c
fn=check_stdfiles_vtables
545 1
546 4
547 3
548 3
550 1
fl=./locale/./locale/newlocale.c
fn=newlocale
43 15
55 2
56 1
63 2
66 3
73 4
75 1
277 12
fl=./locale/./locale/uselocale.c
fn=uselocale
30 66
31 198
33 132
36 132
37 66
65 198
66 198
68 198
72 198
73 66
fl=./malloc/../string/bits/string_fortified.h
fn=tcache_init.part.0
59 88
fl=./malloc/../sysdeps/unix/sysv/linux/not-cancel.h
fn=ptmalloc_init.part.0
97 6
fl=./malloc/./malloc/arena.c
fn=free
153 17439
fn=malloc
153 11588
264 1
fn=ptmalloc_init.part.0
262 8
267 1
292 2
296 3
300 4
301 4
302 4
303 4
304 4
305 4
306 4
308 4
309 4
310 4
313 4
314 4
316 2
326 8
fl=./malloc/./malloc/malloc.c
fn=_int_free
1792 5799
3163 62
3165 124
3166 31
3167 62
4495 40810
4499 17490
4505 23320
4506 11660
4510 29150
4517 11660
4518 34980
4521 410
4527 1230
4547 2050
4550 31
4561 11598
4637 11598
4640 11598
4643 11598
4646 11598
4658 29181
fn=_int_free_maybe_consolidate
4770 63789
4776 11598
4778 20780
4781 15585
4784 25975
4785 21410
4798 46661
fn=_int_free_merge_chunk
1992 17397
4665 46392
4666 5799
4670 34794
4673 17002
4675 8106
4678 17397
4681 11598
4682 11598
4683 11598
4689 11598
4691 5723
4692 5723
4693 5723
4694 22892
4696 11446
4701 17397
4702 40593
4714 11598
4720 11570
4721 66
4722 66
4724 5752
4732 5785
4733 23140
4734 11570
4736 5785
4738 11570
4740 17355
4743 5785
4744 5785
4746 17355
4747 5785
4756 14
4757 42
4758 28
fn=_int_malloc
1326 11590
1345 34770
1794 5795
1985 1026
2008 452
2017 2
2552 774
2553 129
2564 258
2589 516
2590 258
2599 1540
2605 384
2608 387
2669 387
2677 258
2678 339
2691 387
2693 129
2699 645
2707 258
2709 516
2710 387
2711 112
2712 129
2715 258
2727 51
2728 17
2732 119
2734 34
2738 34
2742 34
2744 814
2745 1
2746 275
2752 913
2753 666
2755 38
2782 19
2783 1
2795 3
2814 2
2817 2
2818 6
2820 1
2821 6
2833 5
2847 34
2866 34
2873 18
2875 18
2876 90
2877 18
2888 54
2895 34
2896 51
2904 17
2906 17
2911 34
2913 85
2921 387
2922 79
2926 129
2930 645
2932 129
2933 129
2934 129
2935 903
2936 258
2938 129
3846 63745
3882 1
3887 11590
3914 11590
3916 12
3919 3
3921 6
3930 9
3977 11584
3979 12
3980 8
3982 12
4039 52135
4040 17373
4058 17383
4059 17385
4060 17385
4069 724
4070 30041
4072 365
4073 730
4074 365
4076 730
4077 1095
4079 365
4080 1460
4082 1460
4084 730
4085 730
4087 730
4098 1460
4121 10
4127 365
4128 365
4132 730
4134 20
4135 30
4140 20
4161 713
4163 4
4164 8
4165 2
4169 7732
4170 1044
4171 353
4174 706
4177 15
4179 60
4180 30
4186 4
4187 1
4188 3
4192 42
4193 28
4199 14
4202 28
4212 14
4213 28
4218 1352
4221 2485
4222 355
4223 355
4224 355
4225 355
4230 710
4231 710
4240 1420
4246 704
4257 17355
4259 23124
4262 17343
4263 7210
4266 1
4267 6
4273 2
4278 3
4279 3
4282 4
4291 1
4295 4
4296 2
4299 1
4300 1
4301 1
4302 2
4307 8
4309 3
4310 1
4313 1
4330 5784
4331 11568
4332 11568
4333 11568
4334 34704
4339 23291
4343 20045
4346 4668
4348 764
4349 382
4353 15436
4355 7312
4357 14624
4361 406
4364 812
4366 370
4367 74
4368 74
4373 1328
4376 664
4378 996
4381 996
4384 1328
4394 332
4399 1328
4400 664
4403 332
4404 332
4405 332
4408 664
4410 664
4412 662
4415 2656
4417 996
4418 332
4421 332
4443 5452
4444 10904
4446 10904
4449 16356
4451 5323
4452 10646
4453 5323
4454 42584
4456 10646
4459 10648
4460 16359
4461 5453
4466 516
4482 129
4487 69540
fn=alloc_perturb
1985 16359
1987 5453
fn=free
3359 40691
3363 11626
3371 11626
3373 5813
3375 17439
3392 17439
3398 17439
3401 5813
3402 34878
fn=malloc
1326 11630
1345 29075
3178 42
3182 42
3186 84
3190 42
3191 21
3248 4
3294 46520
3301 11630
3311 11630
3313 23260
3316 11630
3318 1233
3326 11588
3328 23176
3329 28970
3354 34890
fn=ptmalloc_init.part.0
1946 385
1949 381
1957 1
1958 1
1960 1
3143 2
fn=sysmalloc_mmap_fallback.constprop.0
2008 68
2490 187
2494 17
2497 51
2498 5
2501 34
2502 34
2505 34
2506 17
2508 153
2511 34
2515 34
2519 68
2524 17
2526 17
2528 153
fn=systrim.constprop.0
2957 25692
2966 12846
2968 4282
2969 8564
2970 4272
2974 12846
2975 4282
2978 21410
2980 8564
2987 8796
2988 11728
3000 30
3001 20
3003 10
3005 20
3009 20
3012 10
3013 40
3015 20
3020 25692
fn=tcache_init.part.0
3242 4
3251 8
3252 3
3253 2
3261 4
3270 2
3274 3
fn=unlink_chunk.isra.0
1608 12178
1610 30445
1613 12179
1614 12178
1616 24356
1619 6089
1620 6089
1621 30439
1623 680
1624 1020
1627 680
1629 2
1630 1
1641 339
1642 339
1645 12178
fl=./malloc/./malloc/morecore.c
fn=__glibc_morecore
25 9246
26 6164
27 17
29 3082
30 6164
34 6164
fl=./malloc/./malloc/scratch_buffer_set_array_size.c
fn=__libc_scratch_buffer_set_array_size
30 65
34 5
35 10
45 10
46 5
63 30
fl=./math/../sysdeps/x86_64/fpu/multiarch/e_asin.c
fn=__acos_finite@GLIBC_2.15
35 1
fn=__asin_finite@GLIBC_2.15
27 2
fl=./math/../sysdeps/x86_64/fpu/multiarch/e_atan2.c
fn=__atan2_finite@GLIBC_2.15
26 2
fl=./math/../sysdeps/x86_64/fpu/multiarch/e_exp.c
fn=__exp_finite@GLIBC_2.15
27 2
fl=./math/../sysdeps/x86_64/fpu/multiarch/e_exp2f.c
fn=exp2f@@GLIBC_2.27
27 2
fl=./math/../sysdeps/x86_64/fpu/multiarch/e_expf.c
fn=expf@@GLIBC_2.27
27 2
fl=./math/../sysdeps/x86_64/fpu/multiarch/e_log.c
fn=__log_finite@GLIBC_2.15
27 2
fl=./math/../sysdeps/x86_64/fpu/multiarch/e_log2.c
fn=log2@@GLIBC_2.29
27 2
fl=./math/../sysdeps/x86_64/fpu/multiarch/e_log2f.c
fn=log2f@@GLIBC_2.27
27 2
fl=./math/../sysdeps/x86_64/fpu/multiarch/e_logf.c
fn=logf@@GLIBC_2.27
27 2
fl=./math/../sysdeps/x86_64/fpu/multiarch/e_pow.c
fn=__pow_finite@GLIBC_2.15
27 2
fl=./math/../sysdeps/x86_64/fpu/multiarch/e_powf.c
fn=powf@@GLIBC_2.27
30 1
fl=./math/../sysdeps/x86_64/fpu/multiarch/ifunc-avx-fma4.h
fn=__atan2_finite@GLIBC_2.15
32 5
33 2
fn=__exp_finite@GLIBC_2.15
32 5
33 2
fn=__log_finite@GLIBC_2.15
32 5
33 2
fn=cos
32 5
33 2
fn=sin
32 5
33 2
fl=./math/../sysdeps/x86_64/fpu/multiarch/ifunc-fma.h
fn=__log1p
29 4
30 3
fn=cosf
29 4
30 3
fn=exp2f@@GLIBC_2.27
29 4
30 3
fn=expf@@GLIBC_2.27
29 4
30 3
fn=expm1
29 4
30 3
fn=log2@@GLIBC_2.29
29 4
30 3
fn=log2f@@GLIBC_2.27
29 4
30 3
fn=logf@@GLIBC_2.27
29 4
30 3
fn=powf@@GLIBC_2.27
29 4
30 4
fn=sincosf
29 4
30 3
fn=sinf
29 4
30 3
fl=./math/../sysdeps/x86_64/fpu/multiarch/ifunc-fma4.h
fn=__acos_finite@GLIBC_2.15
31 4
32 2
35 1
fn=__asin_finite@GLIBC_2.15
31 4
32 2
fn=__pow_finite@GLIBC_2.15
31 4
32 2
fn=sincos
31 4
32 2
fl=./math/../sysdeps/x86_64/fpu/multiarch/s_cosf.c
fn=cosf
26 2
fl=./math/../sysdeps/x86_64/fpu/multiarch/s_expm1.c
fn=expm1
26 2
fl=./math/../sysdeps/x86_64/fpu/multiarch/s_fma.c
fn=fma
49 6
fl=./math/../sysdeps/x86_64/fpu/multiarch/s_log1p.c
fn=__log1p
26 2
fl=./math/../sysdeps/x86_64/fpu/multiarch/s_sin.c
fn=cos
34 2
fn=sin
27 2
fl=./math/../sysdeps/x86_64/fpu/multiarch/s_sincos.c
fn=sincos
26 2
fl=./math/../sysdeps/x86_64/fpu/multiarch/s_sincosf.c
fn=sincosf
26 2
fl=./math/../sysdeps/x86_64/fpu/multiarch/s_sinf.c
fn=sinf
26 2
fl=./misc/../sysdeps/unix/syscall-template.S
fn=mprotect
117 35
122 7
fn=munmap
117 5
122 1
fl=./misc/../sysdeps/unix/sysv/linux/brk.c
fn=brk
36 140
37 280
38 280
40 34
41 34
44 123
45 123
fl=./misc/../sysdeps/unix/sysv/linux/brk_call.h
fn=brk
24 280
fl=./misc/../sysdeps/unix/sysv/linux/mmap64.c
fn=mmap
47 301
50 86
53 226
58 258
60 172
fl=./misc/../sysdeps/unix/sysv/linux/setvmaname.c
fn=__set_vma_name
33 131
35 96
40 14
47 2
48 1
49 162
fl=./misc/./misc/init-misc.c
fn=__init_misc
30 5
31 6
33 3
37 5
38 3
40 4
fl=./misc/./misc/sbrk.c
fn=sbrk
37 24656
40 6164
43 6164
50 17
58 6164
59 4
62 6164
63 2
66 556
68 20
74 417
78 21574
fl=./nptl/../sysdeps/nptl/futex-internal.h
fn=__pthread_once_slow
209 8
fl=./nptl/../sysdeps/unix/sysv/linux/x86/elision-conf.c
fn=__lll_elision_init
92 8
96 5
98 4
100 4
102 4
104 4
107 3
108 1
109 6
fl=./nptl/./nptl/alloca_cutoff.c
fn=__libc_alloca_cutoff
27 32
28 288
35 32
fl=./nptl/./nptl/cleanup_compat.c
fn=_pthread_cleanup_pop@@GLIBC_2.34
40 1
43 2
47 2
49 1
fn=_pthread_cleanup_push@@GLIBC_2.34
25 1
28 1
29 1
30 2
32 1
33 1
fl=./nptl/./nptl/libc-cleanup.c
fn=__libc_cleanup_pop_restore
54 2
55 2
57 4
59 2
60 6
71 2
fn=__libc_cleanup_push_defer
24 2
25 2
27 4
29 4
32 4
46 6
48 2
49 2
fl=./nptl/./nptl/pthread_mutex_conf.c
fn=__pthread_tunables_init
55 8
56 5
58 4
60 4
62 6
fl=./nptl/./nptl/pthread_mutex_lock.c
fn=pthread_mutex_lock@@GLIBC_2.2.5
44 1
45 7
46 1
77 5
80 3
82 1
84 2
88 2
97 2
108 4
112 1
115 2
124 1
130 3
131 2
179 1
182 1
184 1
187 1
190 3
fl=./nptl/./nptl/pthread_mutex_unlock.c
fn=pthread_mutex_unlock@@GLIBC_2.2.5
39 1
40 4
41 1
51 3
52 2
57 2
62 1
65 1
70 1
72 1
74 2
80 4
84 3
87 2
367 4
369 2
fl=./nptl/./nptl/pthread_once.c
fn=__pthread_once_slow
68 11
76 1
80 2
88 2
92 2
101 4
114 13
116 1
118 3
124 1
132 10
fn=pthread_once@@GLIBC_2.34
136 46
139 46
140 92
143 1
144 90
fl=./posix/../malloc/dynarray-skeleton.c
fn=__unregister_atfork
243 5
fl=./posix/../sysdeps/unix/sysv/linux/_exit.c
fn=_Exit
27 2
30 4
fl=./posix/./posix/register-atfork.c
fn=__unregister_atfork
71 10
82 30
83 20
109 20
110 15
fl=./resource/../sysdeps/unix/sysv/linux/getrlimit64.c
fn=getrlimit
38 2
39 7
40 1
fl=./setjmp/../sysdeps/x86_64/bsd-_setjmp.S
fn=_setjmp
28 1
30 1
32 1
fl=./setjmp/../sysdeps/x86_64/setjmp.S
fn=__sigsetjmp
31 14
33 14
42 14
43 28
44 14
48 14
49 14
50 14
51 14
52 14
54 28
56 14
57 14
58 14
60 28
62 14
67 1
68 1
70 13
73 13
74 13
81 13
82 13
85 1
fl=./setjmp/./setjmp/sigjmp.c
fn=__sigjmp_save
28 6
29 1
30 2
34 4
fl=./stdio-common/../include/../locale/localeinfo.h
fn=__printf_fp_l_buffer
331 96
fl=./stdio-common/../include/printf_buffer.h
fn=__printf_fp_buffer_1.isra.0
163 192
fl=./stdio-common/../include/rounding-mode.h
fn=__printf_fp_buffer_1.isra.0
52 84
58 20
fl=./stdio-common/../string/bits/string_fortified.h
fn=__printf_buffer_write
29 96
fn=__printf_fp_buffer_1.isra.0
29 81
fl=./stdio-common/../sysdeps/generic/get-rounding-mode.h
fn=__printf_fp_buffer_1.isra.0
94 32
95 224
fl=./stdio-common/../sysdeps/pthread/allocalim.h
fn=__printf_fp_buffer_1.isra.0
27 64
29 160
fl=./stdio-common/./stdio-common/Xprintf_buffer_done.c
fn=__printf_buffer_done
25 32
26 96
31 64
33 384
40 32
fl=./stdio-common/./stdio-common/Xprintf_buffer_write.c
fn=__printf_buffer_write
27 768
28 288
31 320
33 160
36 32
37 64
40 96
41 32
44 576
fl=./stdio-common/./stdio-common/printf-parse.h
fn=__printf_buffer
82 288
fl=./stdio-common/./stdio-common/printf_fp.c
fn=__printf_fp_buffer_1.isra.0
91 293
93 216
95 246
96 170
101 76
105 266
107 152
108 38
110 76
111 190
118 38
122 114
123 76
124 130
127 102
138 576
159 256
177 32
187 32
221 64
222 32
226 96
230 544
234 32
266 160
267 32
268 64
271 544
272 512
273 512
279 32
280 64
283 18
293 18
294 126
297 54
301 72
305 72
306 18
308 108
309 162
310 36
311 146
313 36
318 234
322 1386
324 94
327 63
337 29
368 42
369 84
375 48
377 8
380 16
381 16
382 24
385 253
388 80
389 80
390 100
391 80
394 234
396 468
397 36
403 45
407 216
411 72
413 36
439 36
442 144
458 72
460 54
461 108
463 110
477 36
483 28
486 4
496 4
499 12
500 20
501 8
503 4
504 16
506 4
509 48
511 96
621 48
623 232
625 8
629 20
630 8
631 12
633 8
634 24
636 4
642 4
643 8
644 4
645 16
647 12
655 30
659 30
660 50
661 20
665 96
669 8
674 192
676 64
680 64
686 64
688 64
689 76
692 96
694 252
696 56
701 8
731 20
738 112
746 96
759 544
760 64
763 104
766 454
769 174
771 28
773 168
775 84
781 8
782 4
783 16
787 32
788 160
789 168
790 272
792 72
793 72
794 216
795 144
796 15
805 160
806 128
808 224
809 16
810 84
813 32
818 40
830 20
834 18
835 61
837 1
838 2
840 30
842 20
844 20
855 20
924 126
931 44
935 96
980 224
983 64
987 160
991 96
994 128
996 256
999 128
1001 96
1003 64
1006 64
1009 96
1022 128
1024 96
1028 96
1030 352
fn=__printf_fp_l_buffer
1099 608
1102 96
1111 32
1112 64
1115 160
1116 160
1117 96
1122 224
1126 32
1147 352
fn=hack_digit
88 450
91 302
93 270
95 228
96 120
101 132
105 462
107 264
108 66
110 132
111 396
118 132
122 264
123 132
124 265
127 24
128 450
fl=./stdio-common/./stdio-common/vfprintf-internal.c
fn=__printf_buffer
263 96
264 96
266 32
600 480
627 160
631 32
634 32
638 128
642 32
653 96
654 64
655 96
659 64
663 256
683 32
684 32
685 32
686 32
687 32
690 64
691 32
692 32
693 32
694 32
695 32
698 32
699 32
705 448
709 32
744 64
813 32
814 96
818 64
819 128
834 224
837 192
855 448
891 64
973 160
976 1088
996 352
997 64
1001 32
1018 32
1024 32
1028 96
1029 64
1031 64
1044 352
fl=./stdlib/../sysdeps/ieee754/dbl-64/dbl2mpn.c
fn=__mpn_extract_double
33 96
35 32
37 96
38 160
47 96
56 96
103 64
107 64
fl=./stdlib/../sysdeps/x86_64/lshift.S
fn=__mpn_lshift
28 32
29 32
30 32
32 32
33 32
34 32
46 32
47 32
48 32
49 32
50 32
51 32
52 32
58 32
59 32
60 32
fl=./stdlib/../sysdeps/x86_64/mul_1.S
fn=__mpn_mul_1
31 174
32 174
35 174
36 174
37 174
38 174
39 174
41 174
42 174
44 174
45 174
46 174
47 174
48 162
50 162
51 162
52 162
53 162
79 12
80 12
81 12
82 12
83 12
84 12
85 12
86 12
87 12
113 12
114 12
115 12
117 12
118 12
119 12
120 12
121 12
122 174
124 174
127 174
fl=./stdlib/../sysdeps/x86_64/rshift.S
fn=__mpn_rshift
28 40
29 40
30 40
31 40
44 40
45 40
61 40
62 40
63 40
64 40
65 40
66 40
67 40
72 40
73 40
74 40
75 40
76 40
fl=./stdlib/./stdlib/cmp.c
fn=__mpn_cmp
31 29
35 58
37 29
38 29
39 58
47 145
fl=./stdlib/./stdlib/cxa_atexit.c
fn=__cxa_atexit
41 24
43 96
44 24
46 24
52 36
53 12
54 12
55 12
56 12
57 48
58 12
67 84
69 72
fn=__new_exitfn
80 60
81 12
86 24
91 76
93 48
94 55
101 1
104 22
122 1
123 1
129 33
130 22
134 1
136 12
137 12
141 60
fl=./stdlib/./stdlib/cxa_finalize.c
fn=__cxa_finalize
30 50
33 35
36 35
40 196
41 132
43 22
45 11
76 11
78 33
81 44
82 33
83 44
87 33
93 35
97 30
105 10
106 20
107 40
fl=./stdlib/./stdlib/cxa_thread_atexit_impl.c
fn=__call_tls_dtors
148 5
149 4
165 4
fl=./stdlib/./stdlib/divrem.c
fn=__mpn_divrem
46 1456
47 104
49 208
62 104
63 104
65 208
67 3
68 6
72 921
73 261
76 208
79 104
81 104
234 936
fl=./stdlib/./stdlib/exit.c
fn=__run_exit_handlers
38 12
40 2
41 2
43 5
54 2
56 2
60 1
64 39
66 24
67 12
69 106
94 2
101 1
102 1
103 1
104 3
107 4
108 3
109 4
113 3
119 3
120 2
126 4
128 2
129 2
131 2
fn=exit
137 3
138 4
fl=./stdlib/./stdlib/getenv.c
fn=getenv
24 9
25 8
28 2
29 215
31 106
32 60
37 9
fl=./stdlib/./stdlib/mul.c
fn=__mpn_mul
48 136
54 16
66 16
71 8
72 16
81 32
83 8
84 8
88 16
141 8
142 88
fl=./stdlib/./stdlib/rand.c
fn=rand
26 8361600
27 2787200
28 5574400
fl=./stdlib/./stdlib/random.c
fn=random
288 19510400
291 8361600
293 8361600
295 11148800
297 2787200
298 13936000
fn=srand
209 24
210 16
211 12
212 16
213 12
fl=./stdlib/./stdlib/random_r.c
fn=random_r
354 2787200
357 11148800
360 2787200
362 8361600
370 2787200
371 2787200
372 2787200
375 8361600
377 5574400
378 5484491
379 5574400
382 2787200
387 5394582
388 179818
390 2787200
391 2787200
393 2787200
398 2787200
fn=srandom_r
162 8
170 8
172 4
173 8
176 4
180 16
181 8
184 12
186 4
187 252
192 960
193 240
194 360
196 360
197 240
200 24
202 4
203 2488
210 8
362 3720
370 1240
371 1240
372 1240
375 2480
378 1240
379 2480
381 80
382 1240
388 2400
390 1240
391 1240
fl=./stdlib/./stdlib/secure-getenv.c
fn=secure_getenv
28 1
29 5
fl=./string/../include/rtld-malloc.h
fn=strdup
56 12
fl=./string/../string/strcspn.c
fn=strcspn
32 6
33 3
34 2
39 6
40 4
41 4
42 4
44 1
47 9
48 6
51 4
52 4
53 4
54 4
56 3
61 13
62 26
63 26
64 26
65 13
67 78
69 1
70 4
71 3
fl=./string/../sysdeps/x86/cacheinfo.c
fn=__x86_cacheinfo
86 1
fl=./string/../sysdeps/x86/cacheinfo.h
fn=__x86_cacheinfo
59 1
62 3
64 3
65 1
71 3
73 3
74 1
78 2
80 2
81 2
82 2
84 2
86 2
fl=./string/../sysdeps/x86_64/multiarch/../multiarch/memcmp-sse2.S
fn=bcmp
59 1
71 1
72 1
94 1
95 1
140 1
141 1
143 1
144 1
146 1
147 1
149 1
150 1
197 1
198 1
199 1
200 1
201 1
202 1
fl=./string/../sysdeps/x86_64/multiarch/../multiarch/memset-vec-unaligned-erms.S
fn=memset
132 12
133 60
138 12
139 12
142 5
143 5
145 1
146 1
147 1
244 4
245 4
257 4
260 4
261 4
273 4
274 4
287 4
288 4
290 4
293 3
296 6
299 93
300 93
301 93
302 93
303 93
304 93
305 93
308 4
309 4
310 4
311 4
316 4
350 7
352 7
353 7
392 7
393 7
395 7
fl=./string/../sysdeps/x86_64/multiarch/../multiarch/strchr-sse2.S
fn=index
32 28
33 28
34 28
35 28
36 28
37 28
38 28
39 28
40 28
41 28
42 28
43 28
44 28
45 28
46 28
47 28
48 28
49 28
50 23
54 23
55 23
56 23
57 23
59 23
63 5
64 5
65 5
66 5
67 5
68 5
69 5
70 5
71 5
72 5
73 5
74 5
75 5
76 5
77 5
78 5
79 5
80 5
81 5
82 5
83 5
84 5
85 5
86 5
138 5
142 5
143 5
144 5
145 5
147 5
fl=./string/../sysdeps/x86_64/multiarch/../multiarch/strcmp-sse2.S
fn=strcmp
98 2327
131 2327
132 2327
134 2327
135 2327
156 2327
157 2327
158 2173
159 2173
160 2075
161 2075
162 2075
163 2075
180 2075
181 2075
182 2075
183 2075
184 2075
185 2075
186 2075
191 23
192 69
201 275
202 275
203 275
204 275
205 275
206 275
207 275
208 275
209 193
210 98
211 98
212 98
214 193
215 193
216 193
217 193
218 193
219 193
229 82
230 82
231 82
233 82
239 82
240 82
241 82
242 82
243 82
248 82
250 71
251 71
252 142
260 71
261 71
264 71
265 71
266 71
267 71
268 71
269 71
275 1
276 1
277 1
280 1
281 1
282 1
283 1
284 1
285 1
300 6
301 6
302 6
303 6
304 6
306 6
307 6
308 6
309 6
310 6
311 6
312 6
313 6
316 6
317 6
318 6
324 6
325 6
326 12
330 6
331 6
334 6
335 6
336 6
338 6
339 6
340 6
344 6
345 6
346 6
347 6
348 6
349 6
424 1
425 1
426 1
427 1
428 1
430 1
431 1
432 1
433 1
434 1
435 1
436 1
437 1
440 1
441 1
442 1
448 1
449 1
450 2
454 1
455 1
458 1
459 1
460 1
462 1
463 1
464 1
468 1
469 1
470 1
471 1
472 1
473 1
480 1
481 1
483 1
484 1
486 1
487 1
488 1
490 1
491 1
492 1
496 1
497 1
498 1
499 1
500 1
501 1
542 2
543 2
544 2
545 2
546 2
548 2
549 2
550 2
551 2
552 2
553 2
554 2
555 2
559 2
560 2
561 2
567 2
568 2
569 4
573 2
574 2
577 2
578 2
579 2
581 2
582 2
583 2
587 2
588 2
589 2
590 2
591 2
592 2
661 2
662 2
663 2
664 2
665 2
667 2
668 2
669 2
670 2
671 2
672 2
673 2
674 1
678 1
679 1
680 1
686 1
687 1
688 2
692 1
693 1
696 1
697 1
698 1
700 1
701 1
702 1
706 1
707 1
708 1
709 1
710 1
711 1
780 4
781 4
782 4
783 4
784 4
786 4
787 4
788 4
789 4
790 4
791 4
792 4
793 3
797 3
798 3
799 3
805 3
806 3
807 6
811 3
812 3
815 3
816 3
817 3
819 3
820 3
821 3
825 3
826 3
827 3
828 3
829 3
830 3
899 4
900 4
901 4
902 4
903 4
905 4
906 4
907 4
908 4
909 4
910 4
911 4
912 3
916 3
917 3
918 3
924 3
925 3
926 6
930 5
931 5
934 5
935 5
936 5
938 5
939 5
940 5
944 5
945 5
946 5
947 5
948 5
949 5
956 3
957 3
959 3
960 3
962 3
963 3
964 3
966 3
967 3
968 3
972 3
973 3
974 3
975 3
976 3
977 3
984 2
985 2
986 2
1018 10
1019 10
1020 10
1021 10
1022 10
1024 10
1025 10
1026 10
1027 10
1028 10
1029 10
1030 10
1031 5
1035 5
1036 5
1037 5
1043 5
1044 5
1045 10
1049 5
1050 5
1053 5
1054 5
1055 5
1057 5
1058 5
1059 5
1063 5
1064 5
1065 5
1066 5
1067 5
1068 5
1137 15
1138 15
1139 15
1140 15
1141 15
1143 15
1144 15
1145 15
1146 15
1147 15
1148 15
1149 15
1150 6
1154 6
1155 6
1156 6
1162 6
1163 6
1164 12
1168 6
1169 6
1172 6
1173 6
1174 6
1176 6
1177 6
1178 6
1182 6
1183 6
1184 6
1185 6
1186 6
1187 6
1256 14
1257 14
1258 14
1259 14
1260 14
1262 14
1263 14
1264 14
1265 14
1266 14
1267 14
1268 14
1269 4
1273 4
1274 4
1275 4
1281 4
1282 4
1283 8
1287 4
1288 4
1291 4
1292 4
1293 4
1295 4
1296 4
1297 4
1301 4
1302 4
1303 4
1304 4
1305 4
1306 4
1375 8
1376 8
1377 8
1378 8
1379 8
1381 8
1382 8
1383 8
1384 8
1385 8
1386 8
1387 8
1388 8
1392 8
1393 8
1394 8
1400 8
1401 8
1402 16
1406 8
1407 8
1410 8
1411 8
1412 8
1414 8
1415 8
1416 8
1420 8
1421 8
1422 8
1423 8
1424 8
1425 8
1494 21
1495 21
1496 21
1497 21
1498 21
1500 21
1501 21
1502 21
1503 21
1504 21
1505 21
1506 21
1507 7
1511 7
1512 7
1513 7
1519 7
1520 7
1521 14
1525 7
1526 7
1529 7
1530 7
1531 7
1533 7
1534 7
1535 7
1539 7
1540 7
1541 7
1542 7
1543 7
1544 7
1551 1
1552 1
1554 1
1555 1
1557 1
1558 1
1559 1
1561 1
1562 1
1563 1
1567 1
1568 1
1569 1
1570 1
1571 1
1572 1
1613 29
1614 29
1615 29
1616 29
1617 29
1619 29
1620 29
1621 29
1622 29
1623 29
1624 29
1625 29
1626 8
1630 8
1631 8
1632 8
1638 8
1639 8
1640 16
1644 10
1645 10
1648 10
1649 10
1650 10
1652 10
1653 10
1654 10
1658 10
1659 10
1660 10
1661 10
1662 10
1663 10
1670 4
1671 4
1673 4
1674 4
1676 4
1677 4
1678 4
1680 4
1681 4
1682 4
1686 4
1687 4
1688 4
1689 4
1690 4
1691 4
1698 2
1699 2
1700 2
1732 24
1733 24
1734 24
1735 24
1736 24
1738 24
1739 24
1740 24
1741 24
1742 24
1743 24
1744 24
1745 15
1749 15
1750 15
1751 15
1757 15
1758 15
1759 30
1763 15
1764 15
1767 15
1768 15
1769 15
1771 15
1772 15
1773 15
1777 15
1778 15
1779 15
1780 15
1781 15
1782 15
1789 3
1790 3
1792 3
1793 3
1795 3
1796 3
1797 3
1799 3
1800 3
1801 3
1805 3
1806 3
1807 3
1808 3
1809 3
1810 3
1851 21
1852 21
1853 21
1854 21
1855 21
1857 21
1858 21
1859 21
1860 21
1861 21
1862 21
1863 21
1864 11
1868 11
1869 11
1870 11
1876 11
1877 11
1878 22
1882 11
1883 11
1886 11
1887 11
1888 11
1890 11
1891 11
1892 11
1896 11
1897 11
1898 11
1899 11
1900 11
1901 11
1970 32
1971 32
1972 32
1973 32
1974 32
1976 32
1977 32
1978 32
1979 32
1980 32
1981 32
1982 32
1984 8
1988 8
1989 8
1990 8
1996 8
1997 8
1999 16
2003 10
2004 10
2007 10
2008 10
2009 10
2011 10
2012 10
2013 10
2017 10
2018 10
2019 10
2020 10
2021 10
2022 10
2029 3
2030 3
2032 3
2033 3
2035 3
2036 3
2037 3
2039 3
2040 3
2041 3
2045 3
2046 3
2047 3
2048 3
2049 3
2050 3
2057 2
2058 2
2059 2
2093 159
2095 275
2096 275
2097 275
2098 275
2099 196
2104 2327
2110 2327
2111 2327
2119 2327
2120 2327
fn=strncmp
98 1
125 1
126 1
127 1
128 1
129 1
131 1
132 1
134 1
135 1
156 1
157 1
158 1
159 1
160 1
161 1
162 1
163 1
180 1
181 1
182 1
183 1
184 1
185 1
186 1
2104 1
2107 1
2108 1
2110 1
2111 1
2119 1
2120 1
fl=./string/../sysdeps/x86_64/multiarch/../multiarch/strlen-sse2.S
fn=strlen
57 30
101 30
102 30
103 30
104 30
105 30
106 30
107 30
109 30
111 30
142 29
143 29
144 29
145 29
146 29
147 15
149 15
153 14
154 14
155 14
156 14
157 14
158 14
159 14
160 14
161 14
162 14
163 14
164 14
169 112
173 1
174 14
175 6
190 1
191 1
192 2
243 1
244 1
245 1
246 1
247 1
248 1
249 1
250 1
266 1
268 1
269 14
271 1
272 1
273 1
275 1
fl=./string/../sysdeps/x86_64/multiarch/ifunc-avx2.h
fn=memrchr
38 4
40 3
41 2
42 3
45 2
46 2
49 3
52 6
fn=rindex
38 4
40 3
41 2
42 3
45 2
46 2
49 3
52 6
fn=strchrnul
38 4
40 3
41 2
42 3
45 2
46 2
49 3
52 6
fn=strlen
38 8
40 6
41 4
42 6
45 4
46 4
49 6
52 12
fn=strnlen
38 8
40 6
41 4
42 6
45 4
46 4
49 6
52 12
fl=./string/../sysdeps/x86_64/multiarch/ifunc-evex.h
fn=memchr
37 8
38 6
39 6
42 4
43 4
45 4
51 6
54 8
fl=./string/../sysdeps/x86_64/multiarch/ifunc-memcmp.h
fn=bcmp
34 10
35 4
36 4
37 6
40 4
41 4
44 6
47 8
fl=./string/../sysdeps/x86_64/multiarch/ifunc-memmove.h
fn=memcpy@@GLIBC_2.14
56 4
57 6
60 6
61 4
74 4
77 4
85 4
93 4
96 10
fn=memmove
56 4
57 6
60 6
61 4
74 4
77 4
85 4
93 4
96 10
fn=mempcpy
56 2
57 3
60 3
61 2
74 2
77 2
85 2
93 2
96 5
fl=./string/../sysdeps/x86_64/multiarch/ifunc-memset.h
fn=memset
54 15
57 9
58 6
64 6
73 6
75 6
85 6
93 6
96 15
fl=./string/../sysdeps/x86_64/multiarch/ifunc-sse4_2.h
fn=strcspn
36 5
fn=strpbrk
36 5
fn=strspn
36 5
fl=./string/../sysdeps/x86_64/multiarch/ifunc-strcasecmp.h
fn=strcasecmp
36 4
37 2
38 3
41 2
42 2
45 3
48 5
fn=strcasecmp_l
36 4
37 2
38 3
41 2
42 2
45 3
48 5
fn=strncasecmp
36 4
37 2
38 3
41 2
42 2
45 3
48 5
fn=strncasecmp_l
36 4
37 2
38 3
41 2
42 2
45 3
48 5
fl=./string/../sysdeps/x86_64/multiarch/ifunc-strcpy.h
fn=stpcpy
38 4
39 3
42 2
43 2
46 3
49 3
fn=strcat
38 4
39 3
42 2
43 2
46 3
49 3
fn=strcpy
38 4
39 3
42 2
43 2
46 3
49 3
fl=./string/../sysdeps/x86_64/multiarch/ifunc-strncpy.h
fn=stpncpy
35 5
36 3
39 2
40 2
43 3
46 4
fn=strncpy
35 5
36 3
39 2
40 2
43 3
46 4
fl=./string/../sysdeps/x86_64/multiarch/memchr-avx2.S
fn=__memchr_avx2
61 32
68 32
70 32
73 32
74 32
76 32
77 32
78 32
79 32
82 32
83 32
86 32
87 32
101 32
106 32
113 32
114 32
115 32
116 32
fl=./string/../sysdeps/x86_64/multiarch/memchr.c
fn=memchr
29 4
fl=./string/../sysdeps/x86_64/multiarch/memcmp-avx2-movbe.S
fn=__memcmp_avx2_movbe
73 50
80 50
81 50
84 1
85 1
86 1
90 1
91 1
93 1
94 1
97 1
98 1
99 1
102 1
103 1
106 1
107 1
110 1
111 1
112 1
113 1
114 1
115 1
116 1
117 1
118 1
119 1
122 1
123 1
129 1
130 1
131 1
132 1
136 1
137 1
139 1
140 1
141 1
142 1
145 1
146 1
147 1
148 1
149 1
150 1
152 2
156 39
166 39
167 39
168 39
171 78
401 49
402 49
407 49
408 49
409 49
410 49
411 49
414 49
415 49
416 49
417 49
420 49
421 49
422 10
423 20
fl=./string/../sysdeps/x86_64/multiarch/memcmp.c
fn=bcmp
29 8
fl=./string/../sysdeps/x86_64/multiarch/memcmpeq.c
fn=memcpy@@GLIBC_2.14
29 2
fl=./string/../sysdeps/x86_64/multiarch/memmove-vec-unaligned-erms.S
fn=__memcpy_avx_unaligned_erms
255 5893
256 5893
262 6136
263 6136
265 5855
266 5855
267 5855
270 91
271 91
272 91
275 182
305 281
306 281
308 225
309 225
311 186
315 186
316 82
317 82
318 82
319 82
320 25
321 25
323 82
325 82
331 104
332 104
333 104
334 104
335 104
342 56
343 56
344 56
345 56
347 56
364 39
365 39
366 39
367 39
368 39
375 4
376 4
377 4
378 4
379 4
380 4
381 8
386 5764
387 5764
392 5764
393 5764
395 4
396 4
397 4
417 5760
418 5760
422 5760
424 5760
428 5760
429 5760
440 5760
443 5760
445 5760
447 5760
451 5760
452 5760
461 5240
462 5240
464 5240
466 5240
467 5240
468 5240
471 5240
473 5240
475 5240
477 10480
483 230112
484 230112
485 230112
486 230112
487 230112
488 230112
489 230112
490 230112
491 230112
492 230112
493 230112
494 230112
496 5240
497 5240
498 5240
499 5240
501 5240
505 10480
518 520
519 520
521 520
522 520
523 520
525 520
527 520
529 1040
535 25248
536 25248
537 25248
538 25248
539 25248
540 25248
541 25248
542 25248
543 25248
544 25248
545 25248
546 25248
548 520
549 520
550 520
551 520
553 520
554 1040
fn=__mempcpy_avx_unaligned_erms
242 243
243 243
244 243
245 243
fn=memcpy
210 32
211 32
217 59
218 59
220 31
221 31
222 31
224 15
225 15
226 15
228 15
308 28
309 28
311 7
315 7
316 7
317 7
318 1
319 1
323 1
325 7
364 21
365 21
366 21
367 21
368 21
375 15
376 15
377 15
378 15
379 15
380 15
381 15
392 16
393 16
395 15
396 15
397 15
417 1
418 1
422 1
424 1
440 1
443 1
445 1
447 1
451 1
452 1
461 1
462 1
464 1
466 1
467 1
468 1
471 1
473 1
475 1
477 1
483 3
484 3
485 3
486 3
487 3
488 3
489 3
490 3
491 3
492 3
493 3
494 3
496 1
497 1
498 1
499 1
501 1
505 1
fn=mempcpy
197 27
198 27
199 27
200 27
fl=./string/../sysdeps/x86_64/multiarch/memmove.c
fn=memmove
29 2
fl=./string/../sysdeps/x86_64/multiarch/mempcpy.c
fn=mempcpy
33 1
fl=./string/../sysdeps/x86_64/multiarch/memrchr.c
fn=memrchr
29 3
fl=./string/../sysdeps/x86_64/multiarch/memset-vec-unaligned-erms.S
fn=__memset_avx2_unaligned_erms
158 7748
159 15496
164 7748
165 7748
166 7720
167 7720
168 7720
170 16
171 16
172 32
181 4
182 4
184 8
237 7704
238 7704
244 1550
245 1550
257 1550
260 1550
261 1550
273 1546
274 1546
287 1546
288 1546
290 1546
293 1546
296 1546
299 18280
300 18280
301 18280
302 18280
303 18280
304 18280
305 19826
308 1546
309 1546
310 1546
311 1546
314 3092
325 6154
326 6154
327 6154
328 42010554
329 6154
330 12308
337 28
346 28
347 28
352 28
353 28
354 28
355 28
356 20
357 20
358 2
359 2
361 2
403 8
404 8
409 8
416 18
417 18
418 18
423 18
fl=./string/../sysdeps/x86_64/multiarch/memset.c
fn=memset
29 3
fl=./string/../sysdeps/x86_64/multiarch/stpcpy.c
fn=stpcpy
33 3
fl=./string/../sysdeps/x86_64/multiarch/stpncpy.c
fn=stpncpy
31 3
fl=./string/../sysdeps/x86_64/multiarch/strcasecmp.c
fn=strcasecmp
31 3
fl=./string/../sysdeps/x86_64/multiarch/strcasecmp_l.c
fn=strcasecmp_l
31 3
fl=./string/../sysdeps/x86_64/multiarch/strcat.c
fn=strcat
29 3
fl=./string/../sysdeps/x86_64/multiarch/strchr-avx2.S
fn=__strchrnul_avx2
53 64
55 64
56 64
57 64
58 64
59 64
62 64
63 64
67 64
68 64
69 64
70 64
71 64
72 64
73 64
74 64
87 64
89 128
fl=./string/../sysdeps/x86_64/multiarch/strchr.c
fn=index
42 4
43 2
44 3
47 2
48 2
51 3
54 3
65 3
fl=./string/../sysdeps/x86_64/multiarch/strchrnul.c
fn=strchrnul
31 3
fl=./string/../sysdeps/x86_64/multiarch/strcmp-avx2.S
fn=__strncmp_avx2
206 10
230 10
235 10
249 10
274 10
275 10
276 10
278 10
279 10
283 9
287 9
289 9
291 9
294 9
296 9
297 9
308 9
318 9
319 9
322 9
326 18
331 9
332 9
333 9
957 1
958 1
959 1
960 1
962 1
965 1
966 1
993 1
994 1
995 1
996 1
997 1
998 1
1000 1
1047 1
1048 1
1051 1
1052 1
1053 1
1056 2
1063 1
1064 1
1065 1
1066 1
1076 1
1077 1
1080 1
1081 1
1082 1
1083 1
1089 1
1091 1
1094 1
1095 1
fl=./string/../sysdeps/x86_64/multiarch/strcmp.c
fn=strcmp
47 4
48 2
49 3
52 2
53 2
56 3
59 3
79 3
fl=./string/../sysdeps/x86_64/multiarch/strcpy.c
fn=strcpy
29 3
fl=./string/../sysdeps/x86_64/multiarch/strcspn.c
fn=strcspn
29 2
fl=./string/../sysdeps/x86_64/multiarch/strlen-avx2.S
fn=__strlen_avx2
52 105
65 105
66 105
67 105
70 105
72 105
73 105
76 105
77 105
85 105
86 105
87 103
92 206
118 1
131 1
132 1
133 1
139 2
143 1
156 1
157 1
158 1
164 2
221 2
236 2
242 2
243 2
244 2
246 1
247 1
248 1
249 1
fl=./string/../sysdeps/x86_64/multiarch/strlen.c
fn=strlen
29 6
fl=./string/../sysdeps/x86_64/multiarch/strncase.c
fn=strncasecmp
31 3
fl=./string/../sysdeps/x86_64/multiarch/strncase_l.c
fn=strncasecmp_l
31 3
fl=./string/../sysdeps/x86_64/multiarch/strncmp.c
fn=strncmp
43 4
44 2
45 3
48 2
49 2
52 3
55 5
67 3
fl=./string/../sysdeps/x86_64/multiarch/strncpy.c
fn=strncpy
29 3
fl=./string/../sysdeps/x86_64/multiarch/strnlen.c
fn=strnlen
31 6
fl=./string/../sysdeps/x86_64/multiarch/strpbrk.c
fn=strpbrk
29 2
fl=./string/../sysdeps/x86_64/multiarch/strrchr-avx2.S
fn=__strrchr_avx2
53 1
54 1
55 1
57 1
58 1
62 1
63 1
64 1
67 1
69 1
70 1
71 1
72 1
75 1
76 1
78 1
79 1
80 1
81 1
82 1
91 2
fl=./string/../sysdeps/x86_64/multiarch/strrchr.c
fn=rindex
28 3
fl=./string/../sysdeps/x86_64/multiarch/strspn.c
fn=strspn
29 2
fl=./string/./string/strdup.c
fn=strdup
40 36
41 12
44 12
47 24
48 18
fl=./time/../sysdeps/unix/sysv/linux/clock_gettime.c
fn=clock_gettime@@GLIBC_2.17
30 32
38 64
40 64
44 64
68 64
69 64
fl=./wcsmbs/../sysdeps/x86_64/multiarch/ifunc-avx2.h
fn=wcschr
38 8
40 6
41 4
42 6
45 4
46 4
49 6
52 12
fn=wcscmp
38 4
40 3
41 2
42 3
45 2
46 2
49 3
52 6
fl=./wcsmbs/../sysdeps/x86_64/multiarch/ifunc-evex.h
fn=wmemchr
37 8
38 6
39 6
42 4
43 4
45 4
51 6
54 8
fl=./wcsmbs/../sysdeps/x86_64/multiarch/ifunc-memcmp.h
fn=wmemcmp
34 5
35 2
36 2
37 3
40 2
41 2
44 3
47 4
fl=./wcsmbs/../sysdeps/x86_64/multiarch/ifunc-wcs.h
fn=wcpncpy
39 4
40 3
41 3
44 2
45 3
48 4
fn=wcscat
39 4
40 3
41 3
44 2
45 3
48 4
fn=wcsncpy
39 4
40 3
41 3
44 2
45 3
48 4
fl=./wcsmbs/../sysdeps/x86_64/multiarch/ifunc-wcslen.h
fn=wcslen
40 4
41 2
42 3
45 2
46 2
49 3
52 3
fn=wcsnlen
40 4
41 2
42 3
45 2
46 2
49 3
52 3
fl=./wcsmbs/../sysdeps/x86_64/multiarch/ifunc-wmemset.h
fn=wmemset
36 10
37 6
fl=./wcsmbs/../sysdeps/x86_64/multiarch/wcpcpy.c
fn=wcpncpy
31 1
fl=./wcsmbs/../sysdeps/x86_64/multiarch/wcpncpy.c
fn=wcpncpy
31 1
fl=./wcsmbs/../sysdeps/x86_64/multiarch/wcscat.c
fn=wcscat
31 2
fn=wcschr
31 2
fl=./wcsmbs/../sysdeps/x86_64/multiarch/wcschr.c
fn=wcschr
31 4
fl=./wcsmbs/../sysdeps/x86_64/multiarch/wcscmp.c
fn=wcscmp
30 3
fl=./wcsmbs/../sysdeps/x86_64/multiarch/wcscpy.c
fn=wcscpy
42 4
43 2
44 3
46 2
47 3
50 3
60 2
fl=./wcsmbs/../sysdeps/x86_64/multiarch/wcslen.c
fn=wcslen
29 3
fl=./wcsmbs/../sysdeps/x86_64/multiarch/wcsncpy.c
fn=wcsncpy
31 2
fl=./wcsmbs/../sysdeps/x86_64/multiarch/wcsnlen.c
fn=wcsnlen
30 3
fl=./wcsmbs/../sysdeps/x86_64/multiarch/wmemchr.c
fn=wmemchr
31 4
fl=./wcsmbs/../sysdeps/x86_64/multiarch/wmemcmp.c
fn=wmemcmp
29 4
fl=./wcsmbs/../sysdeps/x86_64/multiarch/wmemset.c
fn=wmemset
31 4
fl=./wcsmbs/./wcsmbs/btowc.c
fn=btowc
32 2560
37 1792
42 512
46 384
47 256
48 256
52 512
55 1152
94 1792
fl=./wcsmbs/./wcsmbs/wctob.c
fn=wctob
30 1280
39 384
44 256
45 128
79 1152
fl=./wcsmbs/./wcsmbsload.h
fn=btowc
69 128
70 384
fl=./wctype/./wctype/wctype_l.c
fn=wctype_l
26 110
29 20
32 30
33 68
35 174
37 410
40 48
41 96
45 20
46 10
47 80
fl=/home/jhonatan/Documentos/bbb/matrix_analysis.cpp
fn=MatrixMultiplier::MatrixMultiplier(int)
19 56
20 4
21 8
23 4
26 44
29 8
32 9620
33 4187512
34 9748480
35 9748480
37 11520
fn=MatrixMultiplier::printAnalysis(int)
42 30816
44 30768
46 7680
54 8
56 7700
57 4177920
58 5576320
62 4
63 16
69 8
71 5780
72 5572480
73 6963200
77 4
78 16
84 8
86 7696
87 5572480
88 4908728320
89 6138347520
94 4
95 16
101 8
103 152
104 1360
105 23400
107 30
108 340
109 4680
111 936000
112 60503040
113 4964843520
114 6230016000
122 4
123 16
126 52
128 36
147 8
149 8
152 16
156 28
158 16
159 28
fn=main
220 13
221 1
227 2
234 4
235 15
236 16
238 5
241 20
242 16
243 12
245 8
250 1
252 4
253 4
257 12
fn=printHeader()
188 10
193 10
fn=printValgrindInstructions()
195 10
218 6
fl=/usr/include/c++/13/bits/basic_ios.h
fn=MatrixMultiplier::printAnalysis(int)
49 120
fn=main
49 114
fn=printHeader()
49 8
fn=printValgrindInstructions()
49 34
fn=std::basic_ostream<char, std::char_traits<char> >& std::endl<char, std::char_traits<char> >(std::basic_ostream<char, std::char_traits<char> >&) [clone .isra.0]
49 6
fl=/usr/include/c++/13/bits/basic_string.h
fn=MatrixMultiplier::printAnalysis(int)
189 16
223 8
264 16
289 16
666 32
4037 40
fn=main
189 20
223 6
264 12
289 12
666 32
804 4
4037 40
fn=printHeader()
189 4
223 2
264 4
289 4
666 8
4037 11
fn=printValgrindInstructions()
189 4
223 2
264 4
289 4
666 8
4037 10
fl=/usr/include/c++/13/bits/chrono.h
fn=MatrixMultiplier::printAnalysis(int)
212 96
716 32
fl=/usr/include/c++/13/bits/ios_base.h
fn=MatrixMultiplier::printAnalysis(int)
84 8
88 8
744 36
767 64
fl=/usr/include/c++/13/bits/locale_facets.h
fn=MatrixMultiplier::printAnalysis(int)
882 120
fn=main
882 114
fn=printHeader()
882 8
884 2
885 6
fn=printValgrindInstructions()
882 34
fn=std::basic_ostream<char, std::char_traits<char> >& std::endl<char, std::char_traits<char> >(std::basic_ostream<char, std::char_traits<char> >&) [clone .isra.0]
882 9
883 3
fl=/usr/include/c++/13/bits/new_allocator.h
fn=MatrixMultiplier::MatrixMultiplier(int)
151 48
172 40
fn=MatrixMultiplier::printAnalysis(int)
172 8
fn=main
151 3
172 5798
fn=printHeader()
172 2
fn=printValgrindInstructions()
172 2
fn=std::_Vector_base<int, std::allocator<int> >::~_Vector_base()
172 2
fn=std::vector<double, std::allocator<double> >* std::__do_uninit_fill_n<std::vector<double, std::allocator<double> >*, unsigned long, std::vector<double, std::allocator<double> > >(std::vector<double, std::allocator<double> >*, unsigned long, std::vector<double, std::allocator<double> > const&)
134 11544
151 17280
fn=std::vector<double, std::allocator<double> >::_M_default_append(unsigned long)
151 32
fn=std::vector<std::vector<double, std::allocator<double> >, std::allocator<std::vector<double, std::allocator<double> > > >::_M_fill_insert(__gnu_cxx::__normal_iterator<std::vector<double, std::allocator<double> >*, std::vector<std::vector<double, std::allocator<double> >, std::allocator<std::vector<double, std::allocator<double> > > > >, unsigned long, std::vector<double, std::allocator<double> > const&)
151 96
fl=/usr/include/c++/13/bits/stl_algobase.h
fn=MatrixMultiplier::MatrixMultiplier(int)
930 24
931 36
1123 24
1124 4
fn=MatrixMultiplier::printAnalysis(int)
238 18390
fn=main
437 2
fn=std::vector<double, std::allocator<double> >* std::__do_uninit_fill_n<std::vector<double, std::allocator<double> >*, unsigned long, std::vector<double, std::allocator<double> > >(std::vector<double, std::allocator<double> >*, unsigned long, std::vector<double, std::allocator<double> > const&)
435 11520
436 11520
437 28800
441 11520
fn=std::vector<double, std::allocator<double> >::_M_default_append(unsigned long)
262 16
931 16
1123 16
1128 16
fn=std::vector<std::vector<double, std::allocator<double> >, std::allocator<std::vector<double, std::allocator<double> > > >::_M_fill_insert(__gnu_cxx::__normal_iterator<std::vector<double, std::allocator<double> >*, std::vector<std::vector<double, std::allocator<double> >, std::allocator<std::vector<double, std::allocator<double> > > > >, unsigned long, std::vector<double, std::allocator<double> > const&)
262 24
fl=/usr/include/c++/13/bits/stl_construct.h
fn=MatrixMultiplier::MatrixMultiplier(int)
119 12
fn=main
162 17312
fn=std::vector<double, std::allocator<double> >::_M_default_append(unsigned long)
119 8
fl=/usr/include/c++/13/bits/stl_iterator.h
fn=main
1076 1
1077 1
fn=std::vector<double, std::allocator<double> >* std::__do_uninit_fill_n<std::vector<double, std::allocator<double> >*, unsigned long, std::vector<double, std::allocator<double> > >(std::vector<double, std::allocator<double> >*, unsigned long, std::vector<double, std::allocator<double> > const&)
1077 5760
fl=/usr/include/c++/13/bits/stl_uninitialized.h
fn=MatrixMultiplier::MatrixMultiplier(int)
667 12
fn=std::vector<double, std::allocator<double> >* std::__do_uninit_fill_n<std::vector<double, std::allocator<double> >*, unsigned long, std::vector<double, std::allocator<double> > >(std::vector<double, std::allocator<double> >*, unsigned long, std::vector<double, std::allocator<double> > const&)
261 108
263 12
266 17304
275 108
fn=std::vector<double, std::allocator<double> >::_M_default_append(unsigned long)
667 8
668 16
1119 16
fn=std::vector<std::vector<double, std::allocator<double> >, std::allocator<std::vector<double, std::allocator<double> > > >::_M_fill_insert(__gnu_cxx::__normal_iterator<std::vector<double, std::allocator<double> >*, std::vector<std::vector<double, std::allocator<double> >, std::allocator<std::vector<double, std::allocator<double> > > > >, unsigned long, std::vector<double, std::allocator<double> > const&)
119 60
284 36
fl=/usr/include/c++/13/bits/stl_vector.h
fn=MatrixMultiplier::MatrixMultiplier(int)
99 4
100 72
381 8
398 12
400 32
993 128
1015 16
1016 44
1036 24
1037 84
1129 2785280
1717 12
1909 12
fn=MatrixMultiplier::printAnalysis(int)
1129 210871732
fn=main
100 3
370 17340
389 11560
735 24
738 2
1692 1
1693 2
1694 1
fn=std::_Vector_base<int, std::allocator<int> >::~_Vector_base()
367 1
370 3
389 2
fn=std::vector<double, std::allocator<double> >* std::__do_uninit_fill_n<std::vector<double, std::allocator<double> >*, unsigned long, std::vector<double, std::allocator<double> > >(std::vector<double, std::allocator<double> >*, unsigned long, std::vector<double, std::allocator<double> > const&)
100 17280
381 11520
398 17280
400 11520
993 5796
fn=std::vector<double, std::allocator<double> >::_M_default_append(unsigned long)
389 16
993 48
1898 16
1901 16
1902 32
fn=std::vector<std::vector<double, std::allocator<double> >, std::allocator<std::vector<double, std::allocator<double> > > >::_M_fill_insert(__gnu_cxx::__normal_iterator<std::vector<double, std::allocator<double> >*, std::vector<std::vector<double, std::allocator<double> >, std::allocator<std::vector<double, std::allocator<double> > > > >, unsigned long, std::vector<double, std::allocator<double> > const&)
389 24
993 48
1898 48
1901 12
1902 36
fl=/usr/include/c++/13/bits/vector.tcc
fn=std::vector<double, std::allocator<double> >::_M_default_append(unsigned long)
634 80
637 16
641 24
643 16
646 16
668 8
705 8
706 24
707 16
710 64
fn=std::vector<std::vector<double, std::allocator<double> >, std::allocator<std::vector<double, std::allocator<double> > > >::_M_fill_insert(__gnu_cxx::__normal_iterator<std::vector<double, std::allocator<double> >*, std::vector<std::vector<double, std::allocator<double> >, std::allocator<std::vector<double, std::allocator<double> > > > >, unsigned long, std::vector<double, std::allocator<double> > const&)
529 144
532 24
534 24
535 108
580 12
586 24
592 24
601 24
623 12
624 12
625 36
628 132
fl=/usr/include/c++/13/iomanip
fn=MatrixMultiplier::printAnalysis(int)
242 32
fl=/usr/include/c++/13/ostream
fn=MatrixMultiplier::printAnalysis(int)
134 12
204 16
223 120
667 396
736 420
758 72
fn=main
115 3
667 230
736 399
758 57
fn=printHeader()
667 8
736 27
758 4
fn=printValgrindInstructions()
667 65
736 119
758 20
fn=std::basic_ostream<char, std::char_traits<char> >& std::endl<char, std::char_traits<char> >(std::basic_ostream<char, std::char_traits<char> >&) [clone .isra.0]
735 9
736 27
758 3
fl=???
fn=(below main)
0 12
fn=???
0 5673294
fn=__cpu_indicator_init
0 367
fn=__cxa_get_globals
0 16
fn=__gnu_cxx::stdio_sync_filebuf<char, std::char_traits<char> >::overflow(int)
0 987
fn=__gnu_cxx::stdio_sync_filebuf<char, std::char_traits<char> >::sync()
0 438
fn=__gnu_cxx::stdio_sync_filebuf<char, std::char_traits<char> >::xsputn(char const*, long)
0 1464
fn=__gnu_cxx::stdio_sync_filebuf<wchar_t, std::char_traits<wchar_t> >::sync()
0 15
fn=operator delete(void*)
0 11626
fn=operator delete(void*, unsigned long)
0 11622
fn=operator new(unsigned long)
0 93008
fn=std::__cxx11::basic_string<char, std::char_traits<char>, std::allocator<char> >::_M_construct(unsigned long, char)
0 700
fn=std::__cxx11::basic_string<char, std::char_traits<char>, std::allocator<char> >::_M_create(unsigned long&, unsigned long)
0 240
fn=std::__cxx11::basic_string<char, std::char_traits<char>, std::allocator<char> >::_M_dispose()
0 14
fn=std::__cxx11::messages<char>::messages(unsigned long)
0 21
fn=std::__cxx11::messages<wchar_t>::messages(unsigned long)
0 21
fn=std::__cxx11::moneypunct<char, false>::_M_initialize_moneypunct(__locale_struct*, char const*)
0 114
fn=std::__cxx11::moneypunct<char, true>::_M_initialize_moneypunct(__locale_struct*, char const*)
0 115
fn=std::__cxx11::moneypunct<wchar_t, false>::_M_initialize_moneypunct(__locale_struct*, char const*)
0 109
fn=std::__cxx11::moneypunct<wchar_t, true>::_M_initialize_moneypunct(__locale_struct*, char const*)
0 109
fn=std::__cxx11::numpunct<char>::_M_initialize_numpunct(__locale_struct*)
0 417
fn=std::__cxx11::numpunct<wchar_t>::_M_initialize_numpunct(__locale_struct*)
0 353
fn=std::__num_base::_S_format_float(std::ios_base const&, char*, char)
0 736
fn=std::__timepunct<char>::_M_initialize_timepunct(__locale_struct*)
0 132
fn=std::__timepunct<char>::__timepunct(std::__timepunct_cache<char>*, unsigned long)
0 24
fn=std::__timepunct<wchar_t>::_M_initialize_timepunct(__locale_struct*)
0 129
fn=std::__timepunct<wchar_t>::__timepunct(std::__timepunct_cache<wchar_t>*, unsigned long)
0 24
fn=std::basic_ios<char, std::char_traits<char> >::_M_cache_locale(std::locale const&)
0 128
fn=std::basic_ios<char, std::char_traits<char> >::init(std::basic_streambuf<char, std::char_traits<char> >*)
0 96
fn=std::basic_ios<wchar_t, std::char_traits<wchar_t> >::_M_cache_locale(std::locale const&)
0 128
fn=std::basic_ios<wchar_t, std::char_traits<wchar_t> >::init(std::basic_streambuf<wchar_t, std::char_traits<wchar_t> >*)
0 96
fn=std::basic_ostream<char, std::char_traits<char> >& std::__ostream_insert<char, std::char_traits<char> >(std::basic_ostream<char, std::char_traits<char> >&, char const*, long)
0 11172
fn=std::basic_ostream<char, std::char_traits<char> >& std::operator<< <std::char_traits<char> >(std::basic_ostream<char, std::char_traits<char> >&, char const*)
0 80
fn=std::basic_ostream<wchar_t, std::char_traits<wchar_t> >::flush()
0 174
fn=std::basic_ostream<wchar_t, std::char_traits<wchar_t> >::sentry::sentry(std::basic_ostream<wchar_t, std::char_traits<wchar_t> >&)
0 97
fn=std::chrono::_V2::system_clock::now()
0 512
fn=std::codecvt<char, char, __mbstate_t>::codecvt(unsigned long)
0 19
fn=std::codecvt<wchar_t, char, __mbstate_t>::codecvt(unsigned long)
0 19
fn=std::ctype<char>::_M_widen_init() const
0 754
fn=std::ctype<char>::ctype(unsigned short const*, bool, unsigned long)
0 121
fn=std::ctype<wchar_t>::_M_convert_to_wmask(unsigned short) const
0 146
fn=std::ctype<wchar_t>::_M_initialize_ctype()
0 2736
fn=std::ctype<wchar_t>::ctype(unsigned long)
0 21
fn=std::error_category::error_category()
0 10
fn=std::error_category::~error_category()
0 4
fn=std::future_category()
0 3
fn=std::ios_base::Init::Init()
0 272
fn=std::ios_base::Init::~Init()
0 26
fn=std::ios_base::_M_init()
0 224
fn=std::ios_base::ios_base()
0 480
fn=std::locale::_Impl::_Impl(unsigned long)
0 673
fn=std::locale::_Impl::_M_install_facet(std::locale::id const*, std::locale::facet const*)
0 12192
fn=std::locale::facet::_S_create_c_locale(__locale_struct*&, char const*, __locale_struct*)
0 14
fn=std::locale::facet::_S_get_c_locale()
0 690
fn=std::locale::facet::_S_get_c_name()
0 21
fn=std::locale::id::_M_id() const
0 1428
fn=std::locale::locale()
0 484
fn=std::locale::locale(std::locale::_Impl*)
0 3
fn=std::locale::operator=(std::locale const&)
0 184
fn=std::locale::~locale()
0 96
fn=std::messages<char>::messages(unsigned long)
0 21
fn=std::messages<wchar_t>::messages(unsigned long)
0 21
fn=std::moneypunct<char, false>::_M_initialize_moneypunct(__locale_struct*, char const*)
0 114
fn=std::moneypunct<char, true>::_M_initialize_moneypunct(__locale_struct*, char const*)
0 115
fn=std::moneypunct<wchar_t, false>::_M_initialize_moneypunct(__locale_struct*, char const*)
0 109
fn=std::moneypunct<wchar_t, true>::_M_initialize_moneypunct(__locale_struct*, char const*)
0 109
fn=std::num_put<char, std::ostreambuf_iterator<char, std::char_traits<char> > >::_M_pad(char, long, std::ios_base&, char*, char const*, int&) const
0 532
fn=std::num_put<char, std::ostreambuf_iterator<char, std::char_traits<char> > >::do_put(std::ostreambuf_iterator<char, std::char_traits<char> >, std::ios_base&, char, double) const
0 128
fn=std::num_put<char, std::ostreambuf_iterator<char, std::char_traits<char> > >::do_put(std::ostreambuf_iterator<char, std::char_traits<char> >, std::ios_base&, char, long long) const
0 12
fn=std::num_put<char, std::ostreambuf_iterator<char, std::char_traits<char> > >::do_put(std::ostreambuf_iterator<char, std::char_traits<char> >, std::ios_base&, char, long) const
0 36
fn=std::numpunct<char>::_M_initialize_numpunct(__locale_struct*)
0 417
fn=std::numpunct<wchar_t>::_M_initialize_numpunct(__locale_struct*)
0 353
fn=std::ostream& std::ostream::_M_insert<double>(double)
0 1856
fn=std::ostream& std::ostream::_M_insert<long long>(long long)
0 232
fn=std::ostream& std::ostream::_M_insert<long>(long)
0 710
fn=std::ostream::flush()
0 5955
fn=std::ostream::operator<<(int)
0 132
fn=std::ostream::put(char)
0 6204
fn=std::ostream::sentry::sentry(std::ostream&)
0 11669
fn=std::ostreambuf_iterator<char, std::char_traits<char> > std::num_put<char, std::ostreambuf_iterator<char, std::char_traits<char> > >::_M_insert_float<double>(std::ostreambuf_iterator<char, std::char_traits<char> >, std::ios_base&, char, char, double) const
0 5544
fn=std::ostreambuf_iterator<char, std::char_traits<char> > std::num_put<char, std::ostreambuf_iterator<char, std::char_traits<char> > >::_M_insert_int<long long>(std::ostreambuf_iterator<char, std::char_traits<char> >, std::ios_base&, char, long long) const
0 368
fn=std::ostreambuf_iterator<char, std::char_traits<char> > std::num_put<char, std::ostreambuf_iterator<char, std::char_traits<char> > >::_M_insert_int<long>(std::ostreambuf_iterator<char, std::char_traits<char> >, std::ios_base&, char, long) const
0 1104
fn=std::uncaught_exception()
0 18
summary: 22783932178
